图片: 01
候选框数量: 100
权重: W_AES=0.4 W_CONTENT=0.2 W_THIRDS=0.1 W_CENTER=0.3 W_DEP=-0.1 W_CLIP_PEN=0.4 W_MISSING_PEN=-0.5

排名  final   aes    con    3rd    ctr    dep    pen    msg    rule   L  i    area   box
   1  0.599  0.938  0.543  0.601  0.997  0.443  0.500  0.0  0.696  N    0  0.160  (744,688,1255,1369)
   2  0.582  0.948  0.507  0.655  0.988  0.602  0.500  0.0  0.870  N    0  0.250  (640,756,1279,1608)
   3  0.575  0.996  0.551  0.829  0.898  0.855  0.500  0.0  0.945  N    0  0.360  (512,586,1279,1608)
   4  0.567  1.000  0.582  0.870  0.852  0.924  0.500  0.0  0.689  N    0  0.250  (532,582,1171,1434)
   5  0.556  0.846  0.515  0.549  1.000  0.398  0.500  0.0  0.728  N    0  0.160  (744,756,1255,1437)
   6  0.551  0.827  0.513  0.579  0.999  0.402  0.500  0.0  0.701  N    0  0.160  (709,801,1220,1482)
   7  0.550  0.897  0.544  0.775  0.938  0.769  0.500  0.0  0.832  N    0  0.250  (584,671,1223,1523)
   8  0.550  0.832  0.501  0.565  1.000  0.394  0.500  0.0  0.711  N    0  0.160  (760,805,1271,1486)
   9  0.546  0.945  0.525  0.765  0.944  0.971  0.500  0.0  0.750  N    0  0.360  (412,650,1179,1672)
  10  0.542  0.901  0.511  0.729  0.963  0.828  0.500  0.0  0.936  N    0  0.360  (512,682,1279,1704)
  11  0.539  0.835  0.551  0.776  0.938  0.643  0.500  0.0  0.937  N    0  0.250  (640,671,1279,1523)
  12  0.538  0.880  0.497  0.648  0.989  0.749  0.500  0.0  0.735  N    0  0.250  (567,760,1206,1612)
  13  0.530  0.854  0.473  0.549  1.000  0.605  0.500  0.0  0.684  N    0  0.250  (617,852,1256,1704)
  14  0.529  0.767  0.544  0.587  0.998  0.442  0.500  0.0  0.705  N    0  0.160  (705,714,1216,1395)
  15  0.516  0.893  0.585  0.902  0.801  0.889  0.500  0.0  0.955  N    0  0.360  (512,483,1279,1505)
  16  0.504  0.804  0.609  0.773  0.939  0.984  0.500  0.0  0.827  N    3  0.360  (95,292,862,1314)
  17  0.497  0.713  0.584  0.733  0.968  0.682  0.500  0.0  0.884  N    0  0.250  (640,585,1279,1437)
  18  0.481  0.776  0.541  0.741  0.962  1.000  0.500  0.0  0.711  N    1  0.360  (296,682,1063,1704)
  19  0.464  0.769  0.558  0.871  0.858  1.000  0.500  0.0  0.688  N    2  0.360  (484,160,1251,1182)
  20  0.455  0.771  0.369  0.638  0.991  0.878  0.500  0.0  0.892  N    4  0.160  (6,1023,517,1704)
  21  0.436  0.581  0.589  0.831  0.918  0.735  0.500  0.0  0.954  N    3  0.360  (0,190,767,1212)
  22  0.410  0.651  0.384  0.723  0.968  0.899  0.500  0.0  0.765  N    4  0.160  (58,1008,569,1689)
  23  0.408  0.584  0.570  0.865  0.737  0.467  0.500  0.0  0.943  N    2  0.250  (89,126,728,978)
  24  0.407  0.629  0.476  0.836  0.921  1.000  0.500  0.0  0.671  N    4  0.160  (58,945,569,1626)
  25  0.404  0.522  0.604  0.619  0.994  0.858  0.500  0.0  0.963  N    3  0.360  (0,292,767,1314)
  26  0.400  0.561  0.590  0.854  0.895  0.967  0.500  0.0  0.672  N    0  0.360  (512,262,1279,1284)
  27  0.398  0.494  0.609  0.730  0.970  0.854  0.500  0.0  0.736  N    3  0.250  (155,404,794,1256)
  28  0.392  0.397  0.589  0.794  0.926  0.422  0.500  0.0  0.812  N    3  0.250  (44,292,683,1144)
  29  0.384  0.613  0.590  0.983  0.743  1.000  0.500  0.0  0.693  N    2  0.250  (250,213,889,1065)
  30  0.374  0.337  0.579  0.860  0.864  0.225  0.500  0.0  0.709  N    3  0.250  (0,229,639,1081)
  31  0.373  0.682  0.566  0.723  0.560  0.532  0.500  0.0  0.932  N    2  0.250  (94,0,733,852)
  32  0.367  0.400  0.606  0.575  0.999  0.715  0.500  0.0  0.816  N    3  0.250  (97,371,736,1223)
  33  0.367  0.392  0.589  0.870  0.869  0.557  0.500  0.0  0.708  N    3  0.250  (103,234,742,1086)
  34  0.361  0.447  0.625  0.852  0.874  0.907  0.500  0.0  0.739  N    3  0.250  (30,515,669,1367)
  35  0.354  0.511  0.541  0.943  0.823  1.000  0.500  0.0  0.920  N    4  0.250  (0,852,639,1704)
  36  0.350  0.599  0.566  0.899  0.641  0.844  0.500  0.0  0.945  N    2  0.360  (70,0,837,1022)
  37  0.348  0.507  0.569  0.907  0.801  1.000  0.500  0.0  0.786  N    2  0.250  (480,125,1119,977)
  38  0.343  0.376  0.592  0.878  0.891  0.806  0.500  0.0  0.695  N    3  0.250  (165,283,804,1135)
  39  0.342  0.531  0.578  0.983  0.707  0.963  0.500  0.0  0.670  N    2  0.160  (327,218,838,899)
  40  0.340  0.325  0.600  0.547  1.000  0.644  0.500  0.0  0.824  N    3  0.250  (44,377,683,1229)
  41  0.328  0.544  0.582  0.989  0.653  1.000  0.500  0.0  0.950  N    2  0.250  (262,142,901,994)
  42  0.322  0.344  0.620  0.831  0.918  0.977  0.500  0.0  0.963  N    3  0.360  (0,394,767,1416)
  43  0.319  0.388  0.551  0.837  0.898  1.000  0.500  0.0  0.669  N    5  0.360  (512,58,1279,1080)
  44  0.318  0.437  0.559  0.717  0.560  0.083  0.500  0.0  0.761  N    2  0.250  (20,0,659,852)
  45  0.317  0.589  0.568  0.851  0.570  0.883  0.500  0.0  0.946  N    2  0.250  (190,29,829,881)
  46  0.312  0.395  0.573  0.954  0.751  0.815  0.500  0.0  0.868  N    2  0.250  (171,157,810,1009)
  47  0.302  0.304  0.633  0.884  0.861  0.929  0.500  0.0  0.700  N    3  0.250  (112,525,751,1377)
  48  0.302  0.258  0.614  0.795  0.925  0.817  0.500  0.0  0.822  N    3  0.250  (44,462,683,1314)
  49  0.300  0.247  0.562  0.967  0.781  0.422  0.500  0.0  0.861  N    2  0.090  (319,87,702,598)
  50  0.300  0.546  0.576  0.976  0.562  1.000  0.500  0.0  0.959  N    2  0.360  (185,0,952,1022)
  51  0.298  0.509  0.552  0.826  0.671  1.000  0.500  0.0  0.871  N    2  0.160  (460,48,971,729)
  52  0.296  0.622  0.574  0.706  0.539  1.000  0.500  0.0  0.723  N    2  0.160  (409,203,920,884)
  53  0.296  0.538  0.574  0.920  0.564  0.952  0.500  0.0  0.957  N    2  0.160  (329,128,840,809)
  54  0.295  0.462  0.574  0.849  0.703  1.000  0.500  0.0  0.954  N    2  0.360  (370,0,1137,1022)
  55  0.295  0.258  0.562  0.828  0.684  0.087  0.500  0.0  0.677  N    2  0.250  (0,88,639,940)
  56  0.293  0.539  0.565  0.781  0.548  0.779  0.500  0.0  0.939  N    2  0.250  (153,0,792,852)
  57  0.292  0.593  0.572  0.919  0.492  0.992  0.500  0.0  0.951  N    2  0.250  (249,0,888,852)
  58  0.289  0.539  0.576  0.769  0.604  1.000  0.500  0.0  0.694  N    2  0.250  (375,213,1014,1065)
  59  0.288  0.458  0.528  0.855  0.712  1.000  0.500  0.0  0.670  N    2  0.122  (505,125,952,721)
  60  0.281  0.490  0.569  0.798  0.637  1.000  0.500  0.0  0.962  N    2  0.250  (390,132,1029,984)
  61  0.273  0.540  0.582  0.726  0.559  1.000  0.500  0.0  0.957  N    2  0.250  (345,0,984,852)
  62  0.272  0.414  0.576  0.840  0.692  1.000  0.500  0.0  0.948  N    2  0.250  (415,0,1054,852)
  63  0.272  0.385  0.588  0.928  0.692  1.000  0.500  0.0  0.936  N    4  0.360  (0,682,767,1704)
  64  0.272  0.317  0.257  0.549  1.000  0.615  0.500  0.0  0.673  N    4  0.122  (0,1106,447,1702)
  65  0.270  0.282  0.544  0.948  0.804  0.875  0.500  0.0  0.660  N    2  0.062  (429,0,748,426)
  66  0.269  0.162  0.553  0.880  0.838  0.453  0.500  0.0  0.856  N    2  0.090  (320,42,703,553)
  67  0.269  0.318  0.515  0.880  0.838  1.000  0.500  0.0  0.871  N    2  0.090  (434,42,817,553)
  68  0.268  0.288  0.571  0.735  0.577  0.082  0.500  0.0  0.826  N    2  0.160  (160,102,671,783)
  69  0.266  0.217  0.549  0.548  1.000  0.853  0.500  0.0  0.864  N    2  0.090  (377,42,760,553)
  70  0.265  0.365  0.506  0.964  0.739  1.000  0.500  0.0  0.868  N    2  0.090  (447,82,830,593)
  71  0.264  0.214  0.550  0.827  0.649  0.090  0.500  0.0  0.868  N    2  0.122  (235,11,682,607)
  72  0.257  0.538  0.581  0.688  0.523  1.000  0.500  0.0  0.968  N    2  0.360  (255,0,1022,1022)
  73  0.255  0.370  0.576  0.751  0.584  0.588  0.500  0.0  0.942  N    2  0.160  (223,106,734,787)
  74  0.251  0.378  0.599  0.867  0.644  1.000  0.500  0.0  0.697  N    4  0.250  (19,738,658,1590)
  75  0.249  0.195  0.493  0.880  0.886  0.809  0.500  0.0  0.795  N    2  0.062  (423,135,742,561)
  76  0.235  0.229  0.540  0.926  0.771  0.882  0.500  0.0  0.871  N    2  0.090  (390,133,773,644)
  77  0.234  0.126  0.557  0.798  0.922  0.841  0.500  0.0  0.868  N    2  0.090  (377,93,760,604)
  78  0.226  0.154  0.539  0.873  0.890  0.981  0.500  0.0  0.864  N    2  0.090  (412,1,795,512)
  79  0.223  0.492  0.569  0.653  0.490  1.000  0.500  0.0  0.956  N    2  0.160  (383,48,894,729)
  80  0.222  0.495  0.566  0.647  0.485  1.000  0.500  0.0  0.963  N    2  0.160  (383,116,894,797)
  81  0.216  0.080  0.547  0.757  0.949  0.861  0.500  0.0  0.860  N    2  0.090  (377,0,760,511)
  82  0.212  0.187  0.559  0.900  0.785  1.000  0.500  0.0  0.684  N    4  0.250  (90,813,729,1665)
  83  0.210  0.313  0.548  0.807  0.648  1.000  0.500  0.0  0.932  N    2  0.160  (449,0,960,681)
  84  0.204  0.201  0.575  0.927  0.676  0.867  0.500  0.0  0.687  N    2  0.122  (346,211,793,807)
  85  0.199  0.286  0.553  0.546  0.408  0.029  0.500  0.0  0.812  N    2  0.160  (159,3,670,684)
  86  0.198  0.404  0.583  0.673  0.508  1.000  0.500  0.0  0.964  N    2  0.250  (319,48,958,900)
  87  0.192  0.196  0.504  0.988  0.704  0.979  0.500  0.0  0.877  N    2  0.090  (422,130,805,641)
  88  0.191  0.299  0.571  0.606  0.459  0.410  0.500  0.0  0.936  N    2  0.122  (258,87,705,683)
  89  0.188  0.389  0.553  0.678  0.512  1.000  0.500  0.0  0.747  N    2  0.122  (433,195,880,791)
  90  0.181  0.000  0.348  0.545  1.000  0.433  0.500  0.0  0.738  N    2  0.040  (441,127,696,467)
  91  0.175  0.000  0.550  0.597  0.997  0.940  0.500  0.0  0.940  N    2  0.122  (353,0,800,596)
  92  0.172  0.331  0.567  0.698  0.457  0.803  0.500  0.0  0.944  N    2  0.122  (319,90,766,686)
  93  0.164  0.314  0.562  0.815  0.453  0.915  0.500  0.0  0.947  N    2  0.160  (306,48,817,729)
  94  0.162  0.347  0.560  0.598  0.402  0.688  0.500  0.0  0.933  N    2  0.160  (236,0,747,681)
  95  0.148  0.433  0.560  0.541  0.343  0.946  0.500  0.0  0.943  N    2  0.160  (313,0,824,681)
  96  0.141  0.155  0.524  0.807  0.647  1.000  0.500  0.0  0.788  N    2  0.122  (477,0,924,596)
  97  0.121  0.219  0.566  0.674  0.509  1.000  0.500  0.0  0.951  N    2  0.160  (390,0,901,681)
  98  0.085  0.187  0.539  0.626  0.466  1.000  0.500  0.0  0.959  N    2  0.122  (413,117,860,713)
  99  0.060  0.066  0.540  0.689  0.522  1.000  0.500  0.0  0.946  N    2  0.122  (431,0,878,596)
 100  0.020  0.061  0.507  0.604  0.447  1.000  0.500  0.0  0.690  N    2  0.090  (447,184,830,695)
