图片: 02
候选框数量: 100
权重: W_AES=0.4 W_CONTENT=0.2 W_THIRDS=0.1 W_CENTER=0.3 W_DEP=-0.1 W_CLIP_PEN=0.4 W_MISSING_PEN=-0.5

排名  final   aes    con    3rd    ctr    dep    pen    msg    rule   L  i    area   box
   1  0.522  0.576  0.433  0.747  0.486  0.159  0.000  0.0  0.449  Y   -1  0.122  (501,23,879,525)
   2  0.495  0.592  0.420  0.583  0.438  0.156  0.000  0.0  0.369  Y   -1  0.122  (548,0,926,502)
   3  0.487  0.569  0.401  0.696  0.417  0.152  0.000  0.0  0.358  Y   -1  0.122  (621,0,999,502)
   4  0.479  0.543  0.396  0.764  0.403  0.145  0.000  0.0  0.350  Y   -1  0.122  (702,0,1080,502)
   5  0.477  0.522  0.406  0.890  0.375  0.143  0.000  0.0  0.385  Y   -1  0.122  (438,0,816,502)
   6  0.476  0.717  0.615  0.906  0.854  0.803  0.500  0.0  0.944  N    0  0.250  (0,505,540,1222)
   7  0.471  0.581  0.366  0.860  0.302  0.111  0.000  0.0  0.402  Y   -1  0.122  (361,0,739,502)
   8  0.425  0.463  0.389  0.829  0.291  0.079  0.000  0.0  0.485  Y   -1  0.122  (267,13,645,515)
   9  0.424  0.625  0.684  0.984  0.736  0.816  0.500  0.0  0.940  N    2  0.250  (403,718,943,1435)
  10  0.422  0.554  0.683  0.962  0.793  0.810  0.474  0.0  0.933  N    2  0.250  (449,718,989,1435)
  11  0.415  0.372  0.411  0.867  0.358  0.104  0.000  0.0  0.446  Y   -1  0.090  (353,86,677,516)
  12  0.409  0.505  0.288  0.835  0.246  0.083  0.000  0.0  0.202  Y   -1  0.090  (377,27,701,457)
  13  0.408  0.506  0.590  0.492  0.317  0.378  0.049  0.0  0.932  N    0  0.160  (0,428,432,1002)
  14  0.407  0.526  0.531  0.797  0.924  0.670  0.500  0.0  0.932  N    0  0.160  (1,591,433,1165)
  15  0.405  0.670  0.583  0.937  0.638  0.650  0.500  0.0  0.953  N    0  0.250  (0,422,540,1139)
  16  0.399  0.701  0.744  0.782  0.630  0.976  0.500  0.0  0.605  Y    0  0.360  (118,557,766,1418)
  17  0.392  0.599  0.738  0.911  0.690  0.931  0.500  0.0  0.941  N    2  0.250  (462,637,1002,1354)
  18  0.383  0.488  0.273  0.774  0.218  0.094  0.000  0.0  0.076  Y   -1  0.090  (426,0,750,430)
  19  0.382  0.603  0.772  0.822  0.666  0.956  0.500  0.0  0.941  N    2  0.360  (427,540,1075,1401)
  20  0.381  0.413  0.366  0.638  0.264  0.000  0.000  0.0  0.462  Y   -1  0.122  (80,3,458,505)
  21  0.378  0.333  0.441  0.526  0.348  0.000  0.000  0.0  0.518  Y   -1  0.090  (152,110,476,540)
  22  0.377  0.399  0.354  0.722  0.260  0.034  0.000  0.0  0.465  Y   -1  0.122  (201,0,579,502)
  23  0.375  0.350  0.281  0.767  0.339  0.000  0.000  0.0  0.181  Y   -1  0.062  (217,96,487,454)
  24  0.372  0.222  0.397  0.931  0.397  0.084  0.000  0.0  0.349  Y   -1  0.040  (386,202,602,489)
  25  0.369  0.912  0.630  0.779  0.247  0.737  0.500  0.0  0.915  Y    2  0.360  (372,142,1020,1003)
  26  0.368  0.396  0.689  0.949  0.804  0.640  0.500  0.0  0.934  N    2  0.160  (503,789,935,1363)
  27  0.368  1.000  0.583  0.569  0.170  0.569  0.500  0.0  0.904  Y    2  0.360  (372,56,1020,917)
  28  0.367  0.892  0.670  0.675  0.316  0.867  0.500  0.0  0.924  Y    2  0.360  (372,228,1020,1089)
  29  0.356  0.417  0.255  0.519  0.287  0.000  0.000  0.0  0.159  Y   -1  0.090  (138,12,462,442)
  30  0.354  0.549  0.746  0.937  0.630  0.977  0.500  0.0  0.956  N    2  0.360  (312,557,960,1418)
  31  0.350  0.525  0.723  0.977  0.638  0.931  0.500  0.0  0.951  N    2  0.250  (375,650,915,1367)
  32  0.349  0.619  0.769  0.880  0.534  1.000  0.500  0.0  0.966  N    2  0.360  (287,499,935,1360)
  33  0.349  0.353  0.284  0.820  0.256  0.076  0.000  0.0  0.149  Y   -1  0.062  (374,93,644,451)
  34  0.348  0.154  0.458  0.652  0.431  0.000  0.000  0.0  0.344  Y   -1  0.040  (209,248,425,535)
  35  0.347  0.326  0.405  0.635  0.241  0.000  0.000  0.0  0.454  Y   -1  0.090  (79,84,403,514)
  36  0.346  0.440  0.678  0.961  0.734  0.821  0.500  0.0  0.937  N    2  0.122  (578,730,956,1232)
  37  0.345  0.359  0.247  0.793  0.251  0.025  0.000  0.0  0.123  Y   -1  0.090  (259,3,583,433)
  38  0.342  0.272  0.420  0.549  0.321  0.019  0.000  0.0  0.522  Y   -1  0.090  (219,96,543,526)
  39  0.342  0.367  0.361  0.525  0.234  0.000  0.000  0.0  0.440  Y   -1  0.122  (0,0,378,502)
  40  0.341  0.611  0.801  0.717  0.538  0.965  0.500  0.0  0.945  N    2  0.250  (536,496,1076,1213)
  41  0.341  0.334  0.256  0.654  0.303  0.000  0.000  0.0  0.175  Y   -1  0.090  (211,13,535,443)
  42  0.341  0.758  0.723  0.699  0.402  0.975  0.500  0.0  0.944  N    0  0.360  (0,505,648,1366)
  43  0.336  0.344  0.254  0.516  0.322  0.000  0.000  0.0  0.121  Y   -1  0.062  (292,84,562,442)
  44  0.334  0.745  0.531  0.804  0.313  0.444  0.500  0.0  0.891  Y    0  0.250  (27,318,567,1035)
  45  0.334  0.379  0.248  0.760  0.208  0.055  0.000  0.0  0.088  Y   -1  0.090  (328,0,652,430)
  46  0.334  0.840  0.641  0.583  0.283  0.737  0.500  0.0  0.906  Y    2  0.360  (432,142,1080,1003)
  47  0.333  0.674  0.775  0.641  0.454  0.916  0.500  0.0  0.956  N    2  0.250  (533,407,1073,1124)
  48  0.332  0.600  0.788  0.710  0.537  0.971  0.500  0.0  0.951  N    2  0.160  (581,529,1013,1103)
  49  0.332  0.852  0.668  0.648  0.201  0.669  0.500  0.0  0.961  N    2  0.250  (426,214,966,931)
  50  0.332  0.453  0.250  0.424  0.192  0.000  0.000  0.0  0.126  Y   -1  0.062  (0,92,270,450)
  51  0.331  0.366  0.251  0.770  0.214  0.062  0.000  0.0  0.082  Y   -1  0.090  (351,0,675,430)
  52  0.331  0.154  0.469  0.595  0.386  0.000  0.000  0.0  0.339  Y   -1  0.040  (177,248,393,535)
  53  0.330  0.314  0.359  0.478  0.282  0.000  0.000  0.0  0.459  Y   -1  0.122  (132,0,510,502)
  54  0.329  0.103  0.385  0.837  0.424  0.000  0.000  0.0  0.342  Y   -1  0.040  (228,206,444,493)
  55  0.328  0.759  0.704  0.851  0.263  0.809  0.500  0.0  0.969  N    2  0.250  (426,286,966,1003)
  56  0.325  0.243  0.312  0.669  0.329  0.000  0.000  0.0  0.238  Y   -1  0.062  (152,110,422,468)
  57  0.325  0.599  0.779  0.774  0.493  0.956  0.500  0.0  0.958  N    2  0.250  (481,454,1021,1171)
  58  0.324  0.506  0.773  0.809  0.610  0.965  0.500  0.0  0.942  N    2  0.250  (481,598,1021,1315)
  59  0.323  0.626  0.789  0.758  0.464  1.000  0.500  0.0  0.964  N    2  0.360  (330,454,978,1315)
  60  0.321  0.280  0.384  0.578  0.249  0.000  0.000  0.0  0.407  Y   -1  0.090  (5,75,329,505)
  61  0.321  0.468  0.727  0.848  0.658  0.936  0.500  0.0  0.938  N    2  0.160  (570,662,1002,1236)
  62  0.321  0.611  0.769  0.906  0.441  1.000  0.500  0.0  0.962  N    2  0.250  (400,526,940,1243)
  63  0.320  0.709  0.764  0.625  0.357  0.858  0.500  0.0  0.957  N    2  0.250  (533,326,1073,1043)
  64  0.320  0.783  0.684  0.655  0.243  0.686  0.500  0.0  0.956  N    2  0.250  (467,225,1007,942)
  65  0.317  0.584  0.795  0.729  0.502  0.989  0.500  0.0  0.950  N    2  0.250  (481,526,1021,1243)
  66  0.314  0.493  0.757  0.794  0.614  0.976  0.500  0.0  0.944  N    2  0.160  (588,581,1020,1155)
  67  0.314  0.122  0.396  0.580  0.432  0.011  0.000  0.0  0.356  Y   -1  0.040  (312,214,528,501)
  68  0.313  0.587  0.804  0.662  0.499  0.986  0.500  0.0  0.950  N    2  0.360  (427,454,1075,1315)
  69  0.313  0.103  0.472  0.627  0.382  0.000  0.000  0.0  0.335  Y   -1  0.040  (145,248,361,535)
  70  0.312  0.463  0.698  0.969  0.620  0.960  0.500  0.0  0.948  N    2  0.122  (558,657,936,1159)
  71  0.311  0.659  0.775  0.616  0.426  0.970  0.500  0.0  0.960  N    2  0.360  (427,368,1075,1229)
  72  0.311  0.804  0.692  0.525  0.215  0.663  0.500  0.0  0.949  N    2  0.250  (507,214,1047,931)
  73  0.310  0.820  0.662  0.684  0.169  0.695  0.500  0.0  0.968  N    2  0.250  (389,226,929,943)
  74  0.309  0.420  0.241  0.466  0.155  0.000  0.000  0.0  0.082  Y   -1  0.090  (52,0,376,430)
  75  0.306  0.811  0.685  0.578  0.156  0.595  0.500  0.0  0.649  Y    2  0.250  (540,182,1080,899)
  76  0.302  0.338  0.293  0.427  0.220  0.000  0.000  0.0  0.202  Y   -1  0.062  (66,105,336,463)
  77  0.301  0.514  0.779  0.805  0.530  1.000  0.500  0.0  0.956  N    2  0.122  (573,564,951,1066)
  78  0.299  0.658  0.730  0.888  0.318  0.948  0.500  0.0  0.980  N    2  0.250  (378,393,918,1110)
  79  0.291  0.412  0.723  0.914  0.618  0.947  0.500  0.0  0.944  N    2  0.160  (535,655,967,1229)
  80  0.288  0.118  0.412  0.654  0.310  0.000  0.000  0.0  0.336  Y   -1  0.040  (177,219,393,506)
  81  0.287  0.557  0.827  0.682  0.408  0.911  0.500  0.0  0.959  N    2  0.160  (591,446,1023,1020)
  82  0.286  0.421  0.739  0.906  0.591  0.982  0.500  0.0  0.950  N    2  0.160  (535,598,967,1172)
  83  0.285  0.326  0.249  0.578  0.156  0.000  0.000  0.0  0.133  Y   -1  0.090  (2,11,326,441)
  84  0.284  0.944  0.611  0.335  0.078  0.733  0.500  0.0  0.975  N    2  0.360  (275,142,923,1003)
  85  0.283  0.785  0.680  0.620  0.170  0.798  0.500  0.0  0.965  N    2  0.250  (362,282,902,999)
  86  0.282  0.087  0.382  0.815  0.296  0.000  0.000  0.0  0.308  Y   -1  0.040  (0,201,216,488)
  87  0.281  0.086  0.391  0.699  0.328  0.000  0.000  0.0  0.320  Y   -1  0.040  (75,208,291,495)
  88  0.274  0.563  0.736  0.900  0.373  0.998  0.500  0.0  0.959  N    2  0.250  (362,493,902,1210)
  89  0.272  0.883  0.629  0.343  0.085  0.671  0.500  0.0  0.710  Y    2  0.250  (309,234,849,951)
  90  0.270  0.515  0.808  0.828  0.373  0.918  0.500  0.0  0.969  N    2  0.160  (520,445,952,1019)
  91  0.270  0.464  0.772  0.899  0.462  0.986  0.500  0.0  0.961  N    2  0.160  (513,525,945,1099)
  92  0.262  0.560  0.819  0.667  0.284  0.774  0.500  0.0  0.952  N    2  0.160  (602,368,1034,942)
  93  0.261  0.715  0.698  0.490  0.266  0.930  0.500  0.0  0.953  N    0  0.360  (0,418,648,1279)
  94  0.260  0.497  0.837  0.771  0.357  0.903  0.500  0.0  0.969  N    2  0.122  (560,467,938,969)
  95  0.253  0.620  0.778  0.680  0.181  0.731  0.500  0.0  0.964  N    2  0.160  (480,343,912,917)
  96  0.246  0.638  0.677  0.517  0.324  0.929  0.500  0.0  0.936  N    0  0.250  (0,577,540,1294)
  97  0.243  0.000  0.412  0.682  0.309  0.000  0.000  0.0  0.332  Y   -1  0.040  (148,217,364,504)
  98  0.232  0.427  0.710  0.916  0.422  0.993  0.500  0.0  0.947  N    2  0.160  (470,598,902,1172)
  99  0.228  0.575  0.766  0.687  0.182  0.780  0.500  0.0  0.951  N    2  0.160  (462,367,894,941)
 100  0.198  0.699  0.649  0.358  0.087  0.734  0.500  0.0  0.656  Y    2  0.250  (295,277,835,994)
