图片: 03
候选框数量: 100
权重: W_AES=0.4 W_CONTENT=0.2 W_THIRDS=0.1 W_CENTER=0.3 W_DEP=-0.1 W_CLIP_PEN=0.4 W_MISSING_PEN=-0.5

排名  final   aes    con    3rd    ctr    dep    pen    msg    rule   L  i    area   box
   1  0.769  0.782  0.916  0.961  0.778  0.570  0.000  0.0  0.681  Y   -1  0.360  (215,131,861,569)
   2  0.752  0.813  0.927  0.979  0.583  0.320  0.000  0.0  0.737  Y   -1  0.360  (51,97,697,535)
   3  0.747  0.709  0.858  0.985  0.740  0.289  0.000  0.0  0.703  Y   -1  0.250  (131,211,670,576)
   4  0.744  0.741  0.868  0.999  0.660  0.242  0.000  0.0  0.767  Y   -1  0.360  (0,141,646,579)
   5  0.742  0.730  0.820  0.989  0.683  0.176  0.000  0.0  0.728  Y   -1  0.250  (74,196,613,561)
   6  0.739  0.728  0.923  0.972  0.700  0.434  0.000  0.0  0.718  Y   -1  0.360  (118,131,764,569)
   7  0.738  0.821  0.814  0.992  0.572  0.237  0.000  0.0  0.757  Y   -1  0.360  (0,97,646,535)
   8  0.696  0.656  0.948  0.929  0.700  0.586  0.000  0.0  0.671  Y   -1  0.360  (215,87,861,525)
   9  0.693  0.710  0.915  0.857  0.591  0.366  0.000  0.0  0.684  Y   -1  0.250  (169,139,708,504)
  10  0.690  0.625  0.546  0.931  0.822  0.083  0.000  0.0  0.689  Y   -1  0.160  (62,199,493,491)
  11  0.686  0.611  0.766  0.972  0.697  0.176  0.000  0.0  0.682  Y   -1  0.160  (176,214,607,506)
  12  0.685  0.619  0.528  0.891  0.835  0.073  0.000  0.0  0.678  Y   -1  0.160  (9,183,440,475)
  13  0.682  0.634  0.919  0.900  0.674  0.474  0.000  0.0  0.664  Y   -1  0.250  (226,147,765,512)
  14  0.679  0.633  0.566  0.950  0.754  0.088  0.000  0.0  0.695  Y   -1  0.160  (84,209,515,501)
  15  0.677  0.589  0.567  0.930  0.807  0.074  0.000  0.0  0.685  Y   -1  0.160  (3,217,434,509)
  16  0.675  0.590  0.905  0.935  0.683  0.398  0.000  0.0  0.683  Y   -1  0.250  (188,167,727,532)
  17  0.674  0.644  0.770  0.994  0.610  0.197  0.000  0.0  0.723  Y   -1  0.250  (79,153,618,518)
  18  0.671  0.575  0.515  0.866  0.864  0.081  0.000  0.0  0.663  Y   -1  0.122  (135,198,512,453)
  19  0.670  0.611  0.552  0.963  0.761  0.097  0.000  0.0  0.692  Y   -1  0.160  (127,170,558,462)
  20  0.669  0.603  0.656  0.995  0.698  0.121  0.000  0.0  0.692  Y   -1  0.160  (147,207,578,499)
  21  0.667  0.641  0.691  0.866  0.669  0.150  0.000  0.0  0.742  Y   -1  0.250  (0,224,539,589)
  22  0.660  0.613  0.513  0.907  0.767  0.079  0.000  0.0  0.683  Y   -1  0.160  (62,170,493,462)
  23  0.658  0.605  0.723  0.895  0.690  0.250  0.000  0.0  0.710  Y   -1  0.250  (0,251,539,616)
  24  0.656  0.732  0.723  0.972  0.482  0.233  0.000  0.0  0.748  Y   -1  0.360  (0,53,646,491)
  25  0.648  0.692  0.643  0.796  0.575  0.097  0.000  0.0  0.749  Y   -1  0.250  (8,170,547,535)
  26  0.645  0.575  0.514  0.912  0.758  0.070  0.000  0.0  0.674  Y   -1  0.160  (0,170,431,462)
  27  0.631  0.592  0.774  0.939  0.561  0.227  0.000  0.0  0.715  Y   -1  0.250  (89,134,628,499)
  28  0.630  0.621  0.651  0.989  0.562  0.156  0.000  0.0  0.720  Y   -1  0.250  (64,114,603,479)
  29  0.626  0.606  0.564  0.882  0.638  0.094  0.000  0.0  0.741  Y   -1  0.250  (8,134,547,499)
  30  0.624  0.457  0.675  0.967  0.742  0.129  0.000  0.0  0.666  Y   -1  0.122  (206,233,583,488)
  31  0.620  0.637  0.470  0.834  0.651  0.070  0.000  0.0  0.677  Y   -1  0.160  (62,141,493,433)
  32  0.620  0.414  0.543  0.884  0.884  0.083  0.000  0.0  0.670  Y   -1  0.122  (135,233,512,488)
  33  0.619  0.689  0.471  0.836  0.572  0.061  0.000  0.0  0.667  Y   -1  0.160  (0,140,431,432)
  34  0.618  0.549  0.536  0.983  0.675  0.100  0.000  0.0  0.681  Y   -1  0.160  (139,144,570,436)
  35  0.617  0.593  0.858  0.880  0.502  0.308  0.000  0.0  0.690  Y   -1  0.250  (133,99,672,464)
  36  0.616  0.702  0.761  0.932  0.398  0.302  0.000  0.0  0.713  Y   -1  0.360  (58,0,704,438)
  37  0.614  0.520  0.814  0.855  0.603  0.236  0.000  0.0  0.669  Y   -1  0.160  (193,186,624,478)
  38  0.610  0.636  0.506  0.787  0.613  0.085  0.000  0.0  0.733  Y   -1  0.250  (8,97,547,462)
  39  0.603  0.604  0.624  0.983  0.518  0.174  0.000  0.0  0.662  Y   -1  0.160  (174,118,605,410)
  40  0.593  0.673  0.634  0.922  0.423  0.220  0.000  0.0  0.736  Y   -1  0.360  (0,0,646,438)
  41  0.589  0.615  0.663  0.959  0.456  0.228  0.000  0.0  0.695  Y   -1  0.250  (95,57,634,422)
  42  0.587  0.531  0.947  0.894  0.482  0.487  0.000  0.0  0.698  Y   -1  0.360  (154,0,800,438)
  43  0.585  0.816  0.756  0.711  0.973  0.558  0.500  0.0  0.546  N    1  0.040  (546,578,761,724)
  44  0.566  0.763  0.413  0.677  0.388  0.063  0.000  0.0  0.722  Y   -1  0.250  (0,49,539,414)
  45  0.565  0.878  0.755  0.956  0.804  0.739  0.500  0.0  0.830  N    1  0.090  (491,511,814,730)
  46  0.561  0.961  0.758  0.983  0.639  0.653  0.500  0.0  0.918  N    0  0.122  (549,475,926,730)
  47  0.559  0.729  0.743  0.558  0.408  0.599  0.000  0.0  0.934  N    0  0.122  (500,439,877,694)
  48  0.556  0.497  0.798  0.936  0.448  0.300  0.000  0.0  0.681  Y   -1  0.250  (135,63,674,428)
  49  0.552  0.780  0.761  0.856  0.906  0.703  0.500  0.0  0.653  N    1  0.062  (512,548,781,730)
  50  0.547  0.949  0.744  0.899  0.665  0.706  0.500  0.0  0.931  N    0  0.122  (475,469,852,724)
  51  0.541  0.809  0.747  0.781  0.369  0.611  0.148  0.0  0.739  N    1  0.090  (491,465,814,684)
  52  0.522  0.745  0.764  0.875  0.848  0.710  0.500  0.0  0.847  N    1  0.090  (524,511,847,730)
  53  0.513  0.778  0.770  0.990  0.716  0.658  0.500  0.0  0.835  N    1  0.090  (573,511,896,730)
  54  0.500  0.975  0.749  0.868  0.304  0.746  0.359  0.0  0.936  Y    0  0.360  (432,292,1078,730)
  55  0.495  0.837  0.731  0.593  0.272  0.558  0.179  0.0  0.776  N    1  0.160  (500,384,931,676)
  56  0.494  0.847  0.739  0.843  0.642  0.692  0.500  0.0  0.928  N    0  0.160  (486,438,917,730)
  57  0.488  0.892  0.739  0.955  0.554  0.787  0.500  0.0  0.655  N    1  0.090  (425,511,748,730)
  58  0.484  0.777  0.723  0.625  0.221  0.594  0.102  0.0  0.944  N    0  0.160  (449,390,880,682)
  59  0.484  0.924  0.723  0.952  0.490  0.723  0.500  0.0  0.940  N    1  0.160  (407,430,838,722)
  60  0.479  0.543  0.759  0.673  0.983  0.524  0.500  0.0  0.600  N    1  0.040  (578,578,793,724)
  61  0.471  0.524  0.752  0.678  0.983  0.524  0.500  0.0  0.575  N    1  0.040  (561,584,776,730)
  62  0.461  0.792  0.712  0.787  0.217  0.608  0.203  0.0  0.798  N    1  0.160  (389,387,820,679)
  63  0.461  0.729  0.739  0.685  0.173  0.638  0.088  0.0  0.890  N    0  0.250  (290,320,829,685)
  64  0.456  0.504  0.760  0.839  0.897  0.506  0.500  0.0  0.580  N    1  0.040  (611,578,826,724)
  65  0.449  0.761  0.745  0.973  0.543  0.650  0.500  0.0  0.921  N    0  0.160  (535,438,966,730)
  66  0.448  0.478  0.770  0.845  0.915  0.564  0.500  0.0  0.603  N    1  0.040  (578,564,793,710)
  67  0.445  0.799  0.732  0.772  0.569  0.685  0.500  0.0  0.934  N    0  0.160  (457,429,888,721)
  68  0.438  0.616  0.748  0.751  0.278  0.524  0.161  0.0  0.796  N    0  0.122  (547,422,924,677)
  69  0.432  0.892  0.732  0.900  0.344  0.639  0.500  0.0  0.921  Y    0  0.250  (539,360,1078,725)
  70  0.432  0.747  0.732  0.979  0.537  0.726  0.500  0.0  0.875  N    1  0.122  (431,465,808,720)
  71  0.427  0.457  0.774  0.884  0.885  0.643  0.500  0.0  0.761  N    1  0.062  (581,548,850,730)
  72  0.416  0.988  0.733  0.736  0.203  0.600  0.500  0.0  0.928  Y    0  0.250  (539,329,1078,694)
  73  0.416  0.887  0.715  0.871  0.363  0.778  0.500  0.0  0.796  N    1  0.160  (338,435,769,727)
  74  0.414  0.975  0.757  0.621  0.227  0.578  0.500  0.0  0.714  Y    1  0.122  (629,475,1006,730)
  75  0.413  0.987  0.717  0.702  0.235  0.658  0.500  0.0  0.580  N    1  0.090  (408,468,731,687)
  76  0.410  0.582  0.757  0.639  0.330  0.540  0.208  0.0  0.674  N    1  0.090  (548,456,871,675)
  77  0.401  0.610  0.761  0.784  0.264  0.481  0.263  0.0  0.687  N    1  0.090  (616,467,939,686)
  78  0.395  0.959  0.739  0.625  0.168  0.496  0.500  0.0  0.781  Y    1  0.160  (601,391,1032,683)
  79  0.369  0.269  0.764  0.804  0.938  0.530  0.500  0.0  0.603  N    1  0.040  (594,573,809,719)
  80  0.367  0.749  0.744  0.838  0.302  0.556  0.500  0.0  0.670  Y    1  0.160  (647,438,1078,730)
  81  0.360  0.838  0.733  0.534  0.296  0.639  0.500  0.0  0.948  N    0  0.250  (405,327,944,692)
  82  0.360  1.000  0.712  0.384  0.180  0.748  0.500  0.0  0.948  N    0  0.250  (349,365,888,730)
  83  0.359  0.981  0.761  0.394  0.172  0.769  0.500  0.0  0.958  N    0  0.360  (281,292,927,730)
  84  0.358  0.621  0.762  0.758  0.387  0.603  0.437  0.0  0.496  N    1  0.062  (522,492,791,674)
  85  0.354  0.958  0.720  0.430  0.184  0.718  0.500  0.0  0.938  N    0  0.250  (416,365,955,730)
  86  0.354  0.734  0.709  0.893  0.338  0.726  0.500  0.0  0.956  N    0  0.250  (315,354,854,719)
  87  0.336  0.778  0.745  0.669  0.220  0.567  0.500  0.0  0.789  Y    1  0.160  (617,438,1048,730)
  88  0.336  0.882  0.752  0.542  0.180  0.759  0.500  0.0  0.900  Y    0  0.360  (378,292,1024,730)
  89  0.335  0.946  0.705  0.398  0.180  0.782  0.500  0.0  0.897  N    1  0.250  (269,365,808,730)
  90  0.333  0.844  0.728  0.596  0.194  0.679  0.500  0.0  0.892  Y    0  0.250  (497,365,1036,730)
  91  0.328  0.910  0.715  0.412  0.203  0.813  0.500  0.0  0.669  N    1  0.122  (343,475,720,730)
  92  0.328  0.656  0.720  0.813  0.245  0.586  0.437  0.0  0.642  N    1  0.122  (437,416,814,671)
  93  0.328  0.221  0.759  0.944  0.807  0.488  0.500  0.0  0.547  N    1  0.040  (626,584,841,730)
  94  0.307  0.285  0.774  0.809  0.380  0.537  0.257  0.0  0.618  N    1  0.062  (590,496,859,678)
  95  0.305  0.849  0.766  0.397  0.171  0.783  0.500  0.0  0.968  N    0  0.360  (215,292,861,730)
  96  0.304  0.841  0.775  0.408  0.170  0.796  0.500  0.0  0.787  N    1  0.360  (118,292,764,730)
  97  0.281  0.699  0.730  0.477  0.126  0.655  0.411  0.0  0.759  N    1  0.250  (213,328,752,693)
  98  0.251  0.651  0.698  0.647  0.209  0.767  0.500  0.0  0.778  N    1  0.250  (221,358,760,723)
  99  0.248  0.597  0.701  0.563  0.155  0.627  0.428  0.0  0.681  N    1  0.160  (317,392,748,684)
 100  0.206  0.000  0.787  0.960  0.476  0.549  0.339  0.0  0.469  N    1  0.040  (632,536,847,682)
