图片: 04
候选框数量: 100
权重: W_AES=0.4 W_CONTENT=0.2 W_THIRDS=0.1 W_CENTER=0.3 W_DEP=-0.1 W_CLIP_PEN=0.4 W_MISSING_PEN=-0.5

排名  final   aes    con    3rd    ctr    dep    pen    msg    rule   L  i    area   box
   1  0.632  1.000  0.657  0.820  0.914  0.559  0.500  0.0  0.964  N    0  0.360  (423,185,1071,659)
   2  0.623  0.943  0.686  0.853  0.909  0.497  0.500  0.0  0.959  N    2  0.360  (278,316,926,790)
   3  0.619  0.963  0.654  0.861  0.898  0.527  0.500  0.0  0.953  N    0  0.360  (432,232,1080,706)
   4  0.605  0.888  0.650  0.745  0.962  0.437  0.500  0.0  0.935  N    0  0.250  (482,267,1022,662)
   5  0.596  0.940  0.635  0.882  0.887  0.612  0.500  0.0  0.964  N    0  0.360  (432,137,1080,611)
   6  0.594  0.880  0.650  0.760  0.957  0.517  0.500  0.0  0.792  N    0  0.250  (443,176,983,571)
   7  0.591  0.878  0.652  0.879  0.887  0.444  0.500  0.0  0.786  N    5  0.250  (465,347,1005,742)
   8  0.587  0.865  0.634  0.716  0.973  0.492  0.500  0.0  0.958  N    5  0.250  (494,224,1034,619)
   9  0.574  0.808  0.698  0.757  0.952  0.505  0.500  0.0  0.965  N    2  0.360  (181,304,829,778)
  10  0.570  0.786  0.703  0.637  0.992  0.465  0.500  0.0  0.833  N    6  0.250  (188,197,728,592)
  11  0.561  0.817  0.604  0.841  0.918  0.455  0.500  0.0  0.947  N    0  0.250  (540,264,1080,659)
  12  0.552  0.798  0.606  0.869  0.893  0.436  0.500  0.0  0.942  N    5  0.250  (532,292,1072,687)
  13  0.547  0.726  0.715  0.631  0.993  0.472  0.500  0.0  0.888  N    6  0.250  (171,229,711,624)
  14  0.545  0.787  0.604  0.795  0.935  0.503  0.500  0.0  0.955  N    0  0.250  (540,224,1080,619)
  15  0.542  0.808  0.587  0.916  0.844  0.433  0.500  0.0  0.935  N    5  0.250  (540,320,1080,715)
  16  0.541  0.757  0.600  0.682  0.983  0.446  0.500  0.0  0.832  N    0  0.160  (580,245,1012,561)
  17  0.541  0.742  0.677  0.665  0.986  0.533  0.500  0.0  0.985  N    6  0.360  (118,157,766,631)
  18  0.528  0.709  0.679  0.842  0.913  0.492  0.500  0.0  0.948  N    2  0.360  (83,316,731,790)
  19  0.526  0.682  0.701  0.778  0.944  0.479  0.500  0.0  0.956  N    2  0.250  (235,391,775,786)
  20  0.521  0.665  0.718  0.706  0.974  0.512  0.500  0.0  0.826  N    2  0.250  (294,333,834,728)
  21  0.521  0.629  0.749  0.607  0.997  0.400  0.500  0.0  0.861  N    6  0.160  (179,293,611,609)
  22  0.516  0.735  0.601  0.859  0.903  0.554  0.500  0.0  0.957  N    0  0.250  (540,185,1080,580)
  23  0.512  0.683  0.613  0.572  0.999  0.409  0.500  0.0  0.838  N    0  0.160  (564,264,996,580)
  24  0.512  0.637  0.707  0.810  0.933  0.454  0.500  0.0  0.947  N    2  0.250  (181,395,721,790)
  25  0.511  0.800  0.574  0.988  0.730  0.414  0.500  0.0  0.924  N    5  0.250  (516,395,1056,790)
  26  0.509  0.632  0.714  0.738  0.963  0.493  0.500  0.0  0.952  N    2  0.250  (205,379,745,774)
  27  0.504  0.632  0.703  0.817  0.931  0.501  0.500  0.0  0.948  N    2  0.250  (302,385,842,780)
  28  0.504  0.609  0.725  0.669  0.986  0.478  0.500  0.0  0.962  N    6  0.250  (140,291,680,686)
  29  0.497  0.597  0.722  0.689  0.980  0.493  0.500  0.0  0.936  N    6  0.250  (155,334,695,729)
  30  0.495  0.633  0.582  0.679  0.984  0.380  0.500  0.0  0.844  N    5  0.160  (583,294,1015,610)
  31  0.494  0.718  0.596  0.914  0.851  0.589  0.500  0.0  0.841  N    0  0.250  (540,152,1080,547)
  32  0.491  0.543  0.758  0.787  0.942  0.387  0.500  0.0  0.824  N    6  0.160  (183,433,615,749)
  33  0.490  0.587  0.716  0.705  0.978  0.515  0.500  0.0  0.894  N    2  0.250  (245,357,785,752)
  34  0.488  0.549  0.738  0.839  0.913  0.378  0.500  0.0  0.934  N    6  0.160  (142,423,574,739)
  35  0.487  0.595  0.698  0.876  0.892  0.461  0.500  0.0  0.939  N    6  0.250  (76,356,616,751)
  36  0.482  0.557  0.714  0.777  0.950  0.460  0.500  0.0  0.953  N    6  0.250  (92,297,632,692)
  37  0.480  0.528  0.742  0.799  0.937  0.399  0.500  0.0  0.940  N    6  0.160  (129,391,561,707)
  38  0.477  0.505  0.776  0.682  0.981  0.433  0.500  0.0  0.844  N    6  0.160  (179,378,611,694)
  39  0.473  0.514  0.748  0.599  0.997  0.407  0.500  0.0  0.794  N    4  0.160  (277,438,709,754)
  40  0.472  0.493  0.751  0.862  0.894  0.295  0.500  0.0  0.855  N    6  0.090  (137,448,461,685)
  41  0.472  0.513  0.718  0.744  0.963  0.405  0.500  0.0  0.947  N    6  0.160  (113,343,545,659)
  42  0.472  0.560  0.698  0.873  0.885  0.450  0.500  0.0  0.936  N    6  0.250  (97,385,637,780)
  43  0.471  0.590  0.539  0.714  0.973  0.360  0.500  0.0  0.938  N    5  0.122  (702,305,1080,581)
  44  0.469  0.619  0.527  0.714  0.973  0.472  0.500  0.0  0.885  N    0  0.160  (648,243,1080,559)
  45  0.467  0.544  0.731  0.950  0.810  0.344  0.500  0.0  0.923  N    6  0.122  (128,473,506,749)
  46  0.461  0.557  0.720  0.962  0.781  0.360  0.500  0.0  0.923  N    6  0.160  (128,474,560,790)
  47  0.461  0.694  0.537  0.983  0.718  0.378  0.500  0.0  0.781  N    5  0.160  (576,438,1008,754)
  48  0.453  0.552  0.545  0.696  0.976  0.390  0.500  0.0  0.943  N    5  0.160  (629,295,1061,611)
  49  0.453  0.550  0.537  0.864  0.902  0.316  0.500  0.0  0.928  N    5  0.122  (702,354,1080,630)
  50  0.451  0.572  0.552  0.551  1.000  0.434  0.500  0.0  0.949  N    0  0.160  (629,264,1061,580)
  51  0.449  0.542  0.659  0.967  0.785  0.315  0.500  0.0  0.923  N    6  0.122  (61,423,439,699)
  52  0.447  0.447  0.721  0.670  0.986  0.392  0.500  0.0  0.961  N    6  0.160  (133,289,565,605)
  53  0.446  0.438  0.734  0.833  0.916  0.343  0.500  0.0  0.934  N    6  0.122  (125,417,503,693)
  54  0.444  0.528  0.691  0.906  0.835  0.460  0.500  0.0  0.944  N    6  0.250  (14,289,554,684)
  55  0.441  0.470  0.689  0.795  0.938  0.454  0.500  0.0  0.965  N    6  0.250  (79,229,619,624)
  56  0.439  0.414  0.745  0.676  0.985  0.380  0.500  0.0  0.817  N    4  0.160  (262,474,694,790)
  57  0.439  0.433  0.746  0.564  1.000  0.401  0.500  0.0  0.828  N    4  0.160  (289,462,721,778)
  58  0.438  0.410  0.753  0.659  0.988  0.391  0.500  0.0  0.925  N    6  0.122  (158,365,536,641)
  59  0.436  0.415  0.740  0.710  0.976  0.417  0.500  0.0  0.806  N    4  0.160  (325,474,757,790)
  60  0.433  0.496  0.669  0.950  0.813  0.377  0.500  0.0  0.928  N    6  0.160  (49,391,481,707)
  61  0.433  0.506  0.672  0.901  0.843  0.473  0.500  0.0  0.957  N    6  0.250  (17,225,557,620)
  62  0.432  0.383  0.749  0.704  0.976  0.342  0.500  0.0  0.853  N    6  0.090  (151,405,475,642)
  63  0.432  0.574  0.650  0.982  0.725  0.436  0.500  0.0  0.923  N    6  0.250  (0,378,540,773)
  64  0.432  0.433  0.683  0.798  0.940  0.401  0.500  0.0  0.946  N    6  0.160  (80,326,512,642)
  65  0.425  0.448  0.635  0.867  0.897  0.371  0.500  0.0  0.937  N    6  0.122  (55,350,433,626)
  66  0.423  0.597  0.606  0.978  0.669  0.356  0.500  0.0  0.917  N    6  0.160  (5,412,437,728)
  67  0.421  0.504  0.668  0.953  0.789  0.456  0.500  0.0  0.934  N    6  0.250  (0,327,540,722)
  68  0.421  0.410  0.684  0.776  0.940  0.398  0.500  0.0  0.951  N    6  0.160  (75,299,507,615)
  69  0.418  0.533  0.706  0.878  0.700  0.348  0.500  0.0  0.916  N    6  0.122  (135,514,513,790)
  70  0.417  0.496  0.528  0.904  0.860  0.355  0.500  0.0  0.931  N    5  0.160  (648,342,1080,658)
  71  0.415  0.461  0.686  0.978  0.758  0.317  0.500  0.0  0.920  N    6  0.122  (88,458,466,734)
  72  0.415  0.439  0.675  0.945  0.819  0.362  0.500  0.0  0.927  N    6  0.160  (71,414,503,730)
  73  0.413  0.509  0.546  0.948  0.798  0.342  0.500  0.0  0.791  N    5  0.122  (631,414,1009,690)
  74  0.404  0.387  0.630  0.867  0.897  0.322  0.500  0.0  0.856  N    6  0.090  (77,398,401,635)
  75  0.402  0.358  0.667  0.734  0.964  0.376  0.500  0.0  0.941  N    6  0.122  (88,315,466,591)
  76  0.402  0.492  0.624  0.972  0.741  0.394  0.500  0.0  0.925  N    6  0.160  (3,371,435,687)
  77  0.400  0.497  0.668  0.998  0.669  0.333  0.500  0.0  0.915  N    6  0.160  (76,474,508,790)
  78  0.381  0.456  0.632  0.996  0.660  0.258  0.500  0.0  0.841  N    6  0.090  (61,461,385,698)
  79  0.380  0.369  0.722  0.984  0.743  0.331  0.500  0.0  0.843  N    6  0.090  (138,507,462,744)
  80  0.369  0.467  0.510  0.906  0.733  0.309  0.500  0.0  0.920  N    5  0.122  (684,407,1062,683)
  81  0.368  0.292  0.612  0.776  0.951  0.345  0.500  0.0  0.860  N    6  0.090  (76,355,400,592)
  82  0.367  0.606  0.469  0.966  0.567  0.364  0.500  0.0  0.828  N    5  0.160  (587,474,1019,790)
  83  0.360  0.375  0.613  0.946  0.780  0.412  0.500  0.0  0.932  N    6  0.160  (0,334,432,650)
  84  0.358  0.411  0.564  0.959  0.738  0.364  0.500  0.0  0.926  N    6  0.122  (0,366,378,642)
  85  0.358  0.362  0.623  0.916  0.794  0.418  0.500  0.0  0.941  N    6  0.160  (0,291,432,607)
  86  0.352  0.476  0.506  0.891  0.687  0.344  0.500  0.0  0.920  N    5  0.160  (648,394,1080,710)
  87  0.347  0.525  0.604  0.971  0.491  0.286  0.500  0.0  0.906  N    6  0.122  (57,508,435,784)
  88  0.346  0.558  0.571  0.961  0.473  0.293  0.500  0.0  0.904  N    6  0.160  (0,474,432,790)
  89  0.344  0.373  0.588  0.980  0.710  0.338  0.500  0.0  0.921  N    6  0.122  (13,401,391,677)
  90  0.325  0.477  0.571  0.971  0.493  0.252  0.500  0.0  0.833  N    6  0.090  (52,494,376,731)
  91  0.279  0.408  0.542  0.955  0.463  0.272  0.500  0.0  0.905  N    6  0.122  (0,467,378,743)
  92  0.275  0.196  0.558  0.899  0.778  0.386  0.500  0.0  0.935  N    6  0.122  (0,317,378,593)
  93  0.238  0.170  0.548  0.959  0.645  0.290  0.500  0.0  0.844  N    6  0.090  (0,400,324,637)
  94  0.236  0.416  0.394  0.933  0.437  0.331  0.500  0.0  0.889  N    5  0.160  (641,474,1073,790)
  95  0.225  0.396  0.537  0.619  0.416  0.274  0.500  0.0  0.823  N    7  0.090  (79,549,403,786)
  96  0.181  0.328  0.372  0.723  0.436  0.270  0.500  0.0  0.887  N    5  0.122  (702,475,1080,751)
  97  0.163  0.290  0.486  0.810  0.309  0.240  0.500  0.0  0.896  N    6  0.122  (0,514,378,790)
  98  0.130  0.000  0.549  0.966  0.492  0.239  0.500  0.0  0.834  N    6  0.090  (16,462,340,699)
  99  0.128  0.044  0.384  0.785  0.572  0.168  0.500  0.0  0.813  N    7  0.090  (0,553,324,790)
 100  0.112  0.131  0.498  0.818  0.329  0.207  0.500  0.0  0.826  N    6  0.090  (5,493,329,730)
