图片: 05
候选框数量: 100
权重: W_AES=0.4 W_CONTENT=0.2 W_THIRDS=0.1 W_CENTER=0.3 W_DEP=-0.1 W_CLIP_PEN=0.4 W_MISSING_PEN=-0.5

排名  final   aes    con    3rd    ctr    dep    pen    msg    rule   L  i    area   box
   1  0.672  0.780  0.459  0.900  0.690  0.283  0.000  0.0  0.988  N    0  0.250  (349,312,888,937)
   2  0.672  0.734  0.453  0.932  0.831  0.305  0.061  0.0  0.975  N    1  0.250  (388,372,927,997)
   3  0.651  0.667  0.472  0.872  0.853  0.245  0.072  0.0  0.987  N    1  0.160  (362,435,793,935)
   4  0.648  0.627  0.455  0.662  0.987  0.273  0.072  0.0  0.980  N    1  0.160  (362,485,793,985)
   5  0.642  0.683  0.445  0.957  0.758  0.432  0.000  0.0  0.986  N    0  0.359  (312,250,958,1000)
   6  0.641  0.825  0.471  0.786  0.628  0.213  0.072  0.0  0.993  N    1  0.160  (362,385,793,885)
   7  0.635  0.576  0.462  0.914  0.854  0.354  0.000  0.0  0.992  N    1  0.250  (269,375,808,1000)
   8  0.615  0.665  0.467  0.937  0.660  0.361  0.000  0.0  1.000  N    1  0.250  (269,312,808,937)
   9  0.605  0.643  0.471  0.729  0.963  0.240  0.210  0.0  0.976  N    1  0.122  (429,507,806,944)
  10  0.591  1.000  0.450  0.934  0.435  0.392  0.210  0.0  0.968  N    1  0.250  (442,265,981,890)
  11  0.591  0.581  0.474  0.865  0.900  0.253  0.168  0.0  0.975  N    1  0.160  (427,453,858,953)
  12  0.576  0.671  0.482  0.903  0.702  0.225  0.168  0.0  0.981  N    1  0.160  (427,403,858,903)
  13  0.566  0.557  0.455  0.648  0.989  0.256  0.210  0.0  0.969  N    1  0.122  (433,553,810,990)
  14  0.564  0.692  0.446  0.692  0.977  0.212  0.359  0.0  0.896  N    1  0.090  (465,548,788,923)
  15  0.560  0.735  0.450  0.945  0.815  0.251  0.345  0.0  0.835  N    1  0.160  (491,453,922,953)
  16  0.552  0.668  0.454  0.899  0.873  0.227  0.337  0.0  0.854  N    1  0.122  (488,487,865,924)
  17  0.548  0.695  0.451  0.802  0.451  0.364  0.000  0.0  0.977  N    1  0.250  (370,253,909,878)
  18  0.539  0.695  0.463  0.817  0.594  0.231  0.171  0.0  0.875  N    1  0.160  (326,380,757,880)
  19  0.538  0.665  0.464  0.836  0.519  0.598  0.000  0.0  0.990  N    0  0.359  (215,175,861,925)
  20  0.533  0.448  0.448  0.760  0.956  0.274  0.179  0.0  0.839  N    1  0.160  (323,477,754,977)
  21  0.531  0.674  0.457  0.641  0.477  0.371  0.000  0.0  0.985  N    0  0.250  (316,253,855,878)
  22  0.531  0.502  0.466  0.944  0.797  0.252  0.179  0.0  0.846  N    1  0.160  (323,425,754,925)
  23  0.530  0.745  0.443  1.000  0.629  0.326  0.281  0.0  0.962  N    1  0.250  (468,340,1007,965)
  24  0.525  0.635  0.458  0.867  0.857  0.204  0.359  0.0  0.766  N    1  0.090  (432,516,755,891)
  25  0.517  0.794  0.449  0.636  0.993  0.518  0.500  0.0  0.979  N    0  0.250  (308,435,847,1060)
  26  0.510  0.670  0.462  0.874  0.751  0.195  0.359  0.0  0.904  N    1  0.090  (464,497,787,872)
  27  0.505  0.740  0.473  0.749  0.471  0.212  0.201  0.0  0.980  N    1  0.160  (439,355,870,855)
  28  0.502  0.535  0.487  0.802  0.921  0.222  0.359  0.0  0.733  N    1  0.090  (431,606,754,981)
  29  0.499  0.905  0.427  0.882  0.835  0.866  0.500  0.0  0.961  N    0  0.359  (366,381,1012,1131)
  30  0.495  0.533  0.462  0.549  1.000  0.217  0.359  0.0  0.752  N    1  0.090  (431,568,754,943)
  31  0.494  0.768  0.443  0.826  0.900  0.546  0.500  0.0  0.964  N    1  0.250  (403,443,942,1068)
  32  0.492  0.689  0.456  0.796  0.924  0.319  0.500  0.0  0.983  N    0  0.250  (323,381,862,1006)
  33  0.492  0.554  0.451  0.867  0.857  0.202  0.359  0.0  0.820  N    1  0.090  (481,516,804,891)
  34  0.488  0.615  0.489  0.738  0.580  0.197  0.210  0.0  0.989  N    1  0.122  (413,423,790,860)
  35  0.480  0.549  0.462  0.806  0.438  0.444  0.000  0.0  0.992  N    1  0.250  (269,250,808,875)
  36  0.478  0.849  0.437  0.929  0.831  0.913  0.500  0.0  0.956  N    1  0.250  (392,512,931,1137)
  37  0.478  0.856  0.430  0.946  0.723  0.619  0.500  0.0  0.960  N    1  0.359  (416,328,1062,1078)
  38  0.473  0.727  0.442  0.971  0.766  0.332  0.500  0.0  0.963  N    1  0.250  (454,391,993,1016)
  39  0.472  0.704  0.454  0.972  0.595  0.222  0.384  0.0  0.769  N    1  0.160  (505,398,936,898)
  40  0.470  0.714  0.434  0.833  0.917  0.606  0.500  0.0  0.975  N    0  0.359  (319,328,965,1078)
  41  0.470  0.627  0.439  0.771  0.948  0.305  0.500  0.0  0.963  N    1  0.160  (457,511,888,1011)
  42  0.454  0.573  0.452  0.846  0.913  0.240  0.500  0.0  0.717  N    0  0.122  (334,494,711,931)
  43  0.451  0.643  0.442  0.795  0.924  0.514  0.500  0.0  0.985  N    0  0.359  (269,306,915,1056)
  44  0.451  0.594  0.470  0.931  0.480  0.495  0.171  0.0  0.863  N    1  0.250  (218,274,757,899)
  45  0.446  0.555  0.455  0.678  0.983  0.293  0.500  0.0  0.968  N    1  0.160  (427,503,858,1003)
  46  0.443  0.408  0.451  0.549  1.000  0.216  0.359  0.0  0.825  N    1  0.090  (479,568,802,943)
  47  0.442  0.656  0.445  0.818  0.930  0.704  0.500  0.0  0.981  N    1  0.250  (269,464,808,1089)
  48  0.440  0.562  0.451  0.664  0.985  0.373  0.500  0.0  0.971  N    1  0.160  (387,527,818,1027)
  49  0.440  0.703  0.436  0.617  0.995  0.891  0.500  0.0  0.977  N    0  0.359  (254,385,900,1135)
  50  0.430  0.615  0.439  0.722  0.972  0.679  0.500  0.0  0.969  N    0  0.250  (349,464,888,1089)
  51  0.421  0.597  0.447  0.824  0.901  0.600  0.500  0.0  0.979  N    1  0.250  (242,443,781,1068)
  52  0.417  0.655  0.464  0.977  0.757  0.630  0.500  0.0  0.984  N    1  0.359  (157,310,803,1060)
  53  0.415  0.686  0.460  0.881  0.837  0.898  0.500  0.0  0.977  N    1  0.359  (172,381,818,1131)
  54  0.405  0.492  0.433  0.766  0.955  0.419  0.500  0.0  0.855  N    1  0.160  (326,536,757,1036)
  55  0.405  0.555  0.486  0.737  0.579  0.187  0.359  0.0  0.710  N    1  0.090  (424,470,747,845)
  56  0.400  0.627  0.486  0.987  0.674  0.488  0.500  0.0  0.699  N    0  0.250  (168,364,707,989)
  57  0.398  0.609  0.431  0.760  0.959  0.953  0.500  0.0  0.966  N    0  0.359  (312,402,958,1152)
  58  0.395  0.531  0.471  0.744  0.586  0.182  0.359  0.0  0.837  N    1  0.090  (479,471,802,846)
  59  0.393  0.588  0.486  0.992  0.567  0.490  0.401  0.0  0.758  N    0  0.250  (188,312,727,937)
  60  0.388  0.546  0.474  0.718  0.478  0.184  0.306  0.0  0.923  N    1  0.122  (477,406,854,843)
  61  0.385  0.577  0.439  0.800  0.922  0.901  0.500  0.0  0.967  N    0  0.250  (323,506,862,1131)
  62  0.385  0.499  0.462  0.960  0.791  0.411  0.500  0.0  0.962  N    1  0.250  (227,372,766,997)
  63  0.377  0.392  0.440  0.711  0.970  0.298  0.500  0.0  0.792  N    0  0.160  (312,506,743,1006)
  64  0.372  0.547  0.466  0.933  0.799  0.731  0.500  0.0  0.739  N    0  0.250  (188,464,727,1089)
  65  0.370  0.384  0.443  0.811  0.923  0.298  0.500  0.0  0.705  N    0  0.160  (279,500,710,1000)
  66  0.369  0.515  0.463  0.970  0.742  0.495  0.500  0.0  1.000  N    0  0.359  (215,250,861,1000)
  67  0.357  0.513  0.471  0.920  0.788  0.714  0.500  0.0  0.960  N    1  0.160  (406,591,837,1091)
  68  0.355  0.430  0.454  0.851  0.905  0.641  0.500  0.0  0.990  N    0  0.359  (215,325,861,1075)
  69  0.353  0.349  0.462  0.843  0.902  0.340  0.500  0.0  0.752  N    0  0.122  (352,586,729,1023)
  70  0.353  0.700  0.490  0.733  0.575  0.711  0.500  0.0  0.767  N    0  0.122  (432,652,809,1089)
  71  0.348  0.320  0.438  0.823  0.928  0.281  0.500  0.0  0.891  N    1  0.122  (479,573,856,1010)
  72  0.340  0.475  0.463  0.649  0.360  0.242  0.229  0.0  0.845  N    1  0.160  (323,325,754,825)
  73  0.340  0.193  0.475  0.892  0.820  0.242  0.359  0.0  0.730  N    1  0.090  (479,627,802,1002)
  74  0.325  0.494  0.475  0.790  0.579  0.205  0.500  0.0  0.734  N    0  0.122  (337,424,714,861)
  75  0.323  0.406  0.454  0.952  0.798  0.646  0.500  0.0  0.956  N    1  0.160  (443,583,874,1083)
  76  0.311  0.458  0.445  0.951  0.812  0.996  0.500  0.0  0.973  N    1  0.250  (269,527,808,1152)
  77  0.309  0.500  0.467  0.996  0.586  0.593  0.500  0.0  0.916  N    1  0.359  (118,250,764,1000)
  78  0.292  0.309  0.450  0.925  0.833  0.645  0.500  0.0  0.826  N    1  0.160  (323,577,754,1077)
  79  0.289  0.548  0.444  0.710  0.259  0.605  0.268  0.0  0.981  N    1  0.250  (253,182,792,807)
  80  0.274  0.363  0.474  0.860  0.688  0.589  0.500  0.0  0.736  N    0  0.122  (348,631,725,1068)
  81  0.267  0.424  0.473  0.868  0.494  0.326  0.500  0.0  0.715  N    0  0.160  (277,366,708,866)
  82  0.264  0.602  0.445  0.715  0.292  0.258  0.498  0.0  0.951  N    1  0.160  (468,298,899,798)
  83  0.248  0.425  0.487  0.577  0.435  0.173  0.476  0.0  0.722  N    1  0.090  (425,437,748,812)
  84  0.247  0.659  0.430  0.577  0.239  0.613  0.428  0.0  0.876  N    1  0.250  (291,155,830,780)
  85  0.246  0.598  0.427  0.808  0.223  0.553  0.428  0.0  0.949  N    1  0.250  (468,184,1007,809)
  86  0.244  0.463  0.461  0.513  0.303  0.205  0.386  0.0  0.958  N    1  0.160  (398,293,829,793)
  87  0.235  0.699  0.414  0.644  0.220  0.580  0.500  0.0  0.833  N    1  0.250  (379,148,918,773)
  88  0.234  0.589  0.448  0.453  0.261  0.148  0.500  0.0  0.782  N    1  0.122  (430,321,807,758)
  89  0.218  0.509  0.441  0.577  0.281  0.164  0.500  0.0  0.787  N    1  0.122  (474,333,851,770)
  90  0.197  0.679  0.434  0.515  0.292  1.000  0.500  0.0  0.966  N    0  0.359  (269,456,915,1206)
  91  0.167  0.496  0.464  0.557  0.399  1.000  0.500  0.0  0.959  N    0  0.250  (282,617,821,1242)
  92  0.127  0.544  0.454  0.449  0.239  0.984  0.500  0.0  0.896  N    1  0.359  (118,402,764,1152)
  93  0.119  0.495  0.424  0.495  0.289  1.000  0.500  0.0  0.853  N    1  0.250  (482,555,1021,1180)
  94  0.116  0.395  0.457  0.582  0.361  1.000  0.500  0.0  0.942  N    1  0.250  (406,599,945,1224)
  95  0.108  0.423  0.447  0.527  0.323  1.000  0.500  0.0  0.971  N    0  0.359  (215,477,861,1227)
  96  0.102  0.474  0.450  0.481  0.236  0.967  0.500  0.0  0.980  N    0  0.359  (215,402,861,1152)
  97  0.097  0.437  0.468  0.484  0.265  0.998  0.500  0.0  0.704  N    0  0.250  (178,526,717,1151)
  98  0.095  0.326  0.440  0.560  0.401  1.000  0.500  0.0  0.783  N    1  0.250  (478,626,1017,1251)
  99  0.010  0.122  0.445  0.554  0.390  1.000  0.500  0.0  0.700  N    0  0.160  (320,694,751,1194)
 100  -0.033  0.000  0.469  0.589  0.382  1.000  0.500  0.0  0.752  N    0  0.160  (409,693,840,1193)
