图片: 06
候选框数量: 100
权重: W_AES=0.4 W_CONTENT=0.2 W_THIRDS=0.1 W_CENTER=0.3 W_DEP=-0.1 W_CLIP_PEN=0.4 W_MISSING_PEN=-0.5

排名  final   aes    con    3rd    ctr    dep    pen    msg    rule   L  i    area   box
   1  0.641  0.946  0.890  0.979  0.748  0.378  0.500  0.0  0.876  N    2  0.122  (417,428,793,881)
   2  0.635  0.825  0.926  0.774  0.939  0.391  0.500  0.0  0.897  N    0  0.090  (536,423,858,811)
   3  0.623  0.988  0.926  0.976  0.596  0.343  0.500  0.0  0.838  N    2  0.090  (483,404,805,792)
   4  0.617  0.921  0.898  0.995  0.697  0.397  0.500  0.0  0.921  N    2  0.160  (374,365,804,883)
   5  0.611  0.869  0.853  0.899  0.832  0.466  0.500  0.0  0.892  N    2  0.160  (368,460,798,978)
   6  0.602  0.811  0.942  0.923  0.790  0.400  0.500  0.0  0.969  N    0  0.122  (500,348,876,801)
   7  0.579  0.189  0.943  0.657  0.989  0.472  0.000  0.0  0.508  Y   -1  0.122  (638,19,1014,472)
   8  0.577  0.867  0.885  0.999  0.670  0.476  0.500  0.0  0.990  N    0  0.250  (307,290,845,937)
   9  0.571  0.903  0.927  0.987  0.539  0.355  0.500  0.0  0.971  N    2  0.160  (392,292,822,810)
  10  0.570  0.837  0.875  0.893  0.773  0.607  0.500  0.0  0.984  N    0  0.250  (323,392,861,1039)
  11  0.570  0.682  0.944  0.903  0.860  0.406  0.500  0.0  0.893  N    0  0.090  (550,407,872,795)
  12  0.568  0.130  0.940  0.690  0.982  0.352  0.000  0.0  0.501  Y   -1  0.122  (700,0,1076,453)
  13  0.566  0.837  0.901  0.903  0.652  0.343  0.500  0.0  0.887  N    2  0.090  (488,458,810,846)
  14  0.565  1.000  0.917  0.953  0.439  0.451  0.500  0.0  0.973  N    0  0.250  (323,168,861,815)
  15  0.562  0.668  0.942  0.843  0.884  0.433  0.500  0.0  0.884  N    2  0.090  (584,458,906,846)
  16  0.556  0.699  0.964  0.883  0.833  0.551  0.500  0.0  0.966  N    0  0.160  (547,393,977,911)
  17  0.545  0.813  0.900  0.956  0.634  0.461  0.500  0.0  0.985  N    0  0.160  (418,393,848,911)
  18  0.537  0.109  0.893  0.874  0.894  0.405  0.000  0.0  0.522  Y   -1  0.122  (154,12,530,465)
  19  0.533  0.886  0.928  0.967  0.490  0.504  0.500  0.0  0.977  N    0  0.250  (372,258,910,905)
  20  0.531  0.665  0.982  0.951  0.733  0.461  0.500  0.0  0.961  N    0  0.160  (512,297,942,815)
  21  0.529  0.644  0.853  0.957  0.797  0.739  0.402  0.0  0.984  N    0  0.360  (215,384,860,1161)
  22  0.528  0.771  0.904  0.942  0.697  0.643  0.500  0.0  0.990  N    0  0.360  (278,263,923,1040)
  23  0.521  0.110  0.817  0.901  0.852  0.325  0.000  0.0  0.501  Y   -1  0.122  (0,0,376,453)
  24  0.520  0.060  0.887  0.745  0.964  0.446  0.000  0.0  0.542  Y   -1  0.122  (287,13,663,466)
  25  0.519  0.693  0.867  0.886  0.741  0.421  0.500  0.0  0.962  N    2  0.122  (437,492,813,945)
  26  0.518  0.053  0.891  0.808  0.937  0.430  0.000  0.0  0.533  Y   -1  0.122  (222,11,598,464)
  27  0.518  0.064  0.933  0.669  0.986  0.571  0.000  0.0  0.521  Y   -1  0.122  (566,0,942,453)
  28  0.517  0.733  0.924  0.992  0.576  0.333  0.500  0.0  0.955  N    2  0.122  (432,344,808,797)
  29  0.513  0.068  0.906  0.680  0.984  0.585  0.000  0.0  0.530  Y   -1  0.122  (504,0,880,453)
  30  0.512  0.070  0.858  0.895  0.863  0.356  0.000  0.0  0.508  Y   -1  0.122  (59,12,435,465)
  31  0.511  0.919  0.946  0.873  0.362  0.409  0.500  0.0  0.964  N    0  0.160  (440,234,870,752)
  32  0.510  0.043  0.890  0.670  0.986  0.477  0.000  0.0  0.551  Y   -1  0.122  (360,0,736,453)
  33  0.509  0.620  0.975  0.984  0.705  0.443  0.500  0.0  0.961  N    0  0.122  (551,345,927,798)
  34  0.508  0.717  0.895  0.950  0.674  0.549  0.500  0.0  0.988  N    0  0.250  (347,328,885,975)
  35  0.506  0.764  0.966  0.986  0.545  0.551  0.500  0.0  0.946  N    0  0.250  (536,206,1074,853)
  36  0.505  0.519  0.900  0.795  0.924  0.392  0.500  0.0  0.895  N    0  0.090  (536,496,858,884)
  37  0.503  0.827  0.907  0.865  0.494  0.445  0.500  0.0  0.977  N    0  0.122  (502,421,878,874)
  38  0.501  0.696  0.893  0.844  0.650  0.355  0.500  0.0  0.890  N    2  0.090  (494,488,816,876)
  39  0.498  0.766  0.903  0.805  0.649  0.639  0.500  0.0  0.976  N    0  0.250  (380,385,918,1032)
  40  0.496  0.645  0.836  0.961  0.790  0.618  0.500  0.0  0.922  N    2  0.250  (268,462,806,1109)
  41  0.496  0.496  0.909  0.549  1.000  0.390  0.500  0.0  0.900  N    0  0.090  (536,458,858,846)
  42  0.487  0.889  0.921  0.910  0.351  0.489  0.500  0.0  0.964  N    2  0.250  (318,102,856,749)
  43  0.486  0.000  0.887  0.661  0.988  0.544  0.000  0.0  0.541  Y   -1  0.122  (431,0,807,453)
  44  0.483  0.452  0.947  0.834  0.921  0.473  0.500  0.0  0.969  N    0  0.122  (544,407,920,860)
  45  0.481  0.834  0.901  0.883  0.416  0.454  0.500  0.0  0.914  N    2  0.250  (268,117,806,764)
  46  0.481  0.752  0.906  0.879  0.539  0.504  0.500  0.0  0.978  N    0  0.160  (462,402,892,920)
  47  0.473  0.695  1.000  0.973  0.495  0.508  0.500  0.0  0.876  N    2  0.160  (597,298,1027,816)
  48  0.469  0.795  0.941  0.955  0.436  0.632  0.500  0.0  0.968  N    0  0.360  (375,190,1020,967)
  49  0.469  0.790  0.953  0.938  0.411  0.550  0.500  0.0  0.969  N    0  0.250  (428,268,966,915)
  50  0.468  0.627  0.856  0.986  0.667  0.523  0.500  0.0  0.972  N    0  0.160  (397,525,827,1043)
  51  0.468  0.647  0.951  0.992  0.566  0.503  0.500  0.0  0.953  N    2  0.122  (574,520,950,973)
  52  0.466  0.299  0.824  0.893  0.816  0.543  0.245  0.0  0.939  N    3  0.250  (0,491,538,1138)
  53  0.465  0.719  0.878  0.765  0.595  0.528  0.500  0.0  0.971  N    0  0.160  (457,458,887,976)
  54  0.465  0.787  0.921  0.708  0.541  0.673  0.500  0.0  0.968  N    0  0.250  (428,393,966,1040)
  55  0.465  0.792  0.936  0.861  0.423  0.524  0.500  0.0  0.973  N    0  0.160  (502,392,932,910)
  56  0.463  0.683  0.932  0.969  0.473  0.355  0.500  0.0  0.960  N    2  0.160  (385,249,815,767)
  57  0.455  0.760  0.898  0.929  0.432  0.517  0.500  0.0  0.976  N    0  0.360  (215,65,860,842)
  58  0.447  0.817  0.903  0.884  0.351  0.542  0.500  0.0  0.968  N    0  0.360  (215,0,860,777)
  59  0.444  0.724  0.955  0.906  0.384  0.430  0.500  0.0  0.966  N    0  0.160  (472,291,902,809)
  60  0.434  0.827  0.948  0.755  0.346  0.652  0.500  0.0  0.964  N    0  0.250  (509,328,1047,975)
  61  0.430  0.682  0.939  0.822  0.526  0.703  0.500  0.0  0.976  N    0  0.360  (375,263,1020,1040)
  62  0.427  0.605  0.873  0.949  0.610  0.679  0.500  0.0  0.968  N    0  0.250  (365,465,903,1112)
  63  0.424  0.773  0.968  0.801  0.305  0.510  0.500  0.0  0.957  N    0  0.250  (436,176,974,823)
  64  0.423  0.816  0.938  0.822  0.282  0.584  0.500  0.0  0.954  N    0  0.360  (311,0,956,777)
  65  0.422  0.685  0.950  0.898  0.395  0.501  0.500  0.0  0.967  N    0  0.250  (400,214,938,861)
  66  0.421  0.695  0.912  0.860  0.485  0.709  0.500  0.0  0.959  N    0  0.250  (435,453,973,1100)
  67  0.421  0.659  0.974  0.679  0.463  0.447  0.500  0.0  0.955  N    0  0.160  (498,233,928,751)
  68  0.419  0.637  0.940  0.945  0.427  0.467  0.500  0.0  0.971  N    0  0.160  (482,345,912,863)
  69  0.418  0.636  0.936  0.852  0.505  0.605  0.500  0.0  0.976  N    0  0.250  (428,328,966,975)
  70  0.405  0.572  0.863  0.985  0.534  0.551  0.500  0.0  0.962  N    2  0.160  (433,562,863,1080)
  71  0.405  0.766  0.943  0.813  0.273  0.534  0.500  0.0  0.847  N    2  0.250  (371,79,909,726)
  72  0.402  0.644  0.922  0.738  0.549  0.786  0.500  0.0  0.966  N    0  0.360  (375,341,1020,1118)
  73  0.401  0.617  0.901  0.701  0.524  0.538  0.500  0.0  0.969  N    0  0.160  (482,444,912,962)
  74  0.398  0.188  0.932  0.823  0.903  0.384  0.447  0.0  0.951  N    3  0.160  (0,394,430,912)
  75  0.391  0.427  0.833  0.992  0.671  0.465  0.500  0.0  0.845  N    2  0.122  (426,579,802,1032)
  76  0.386  0.669  0.932  0.770  0.428  0.732  0.500  0.0  0.967  N    0  0.360  (431,263,1076,1040)
  77  0.386  0.741  0.955  0.827  0.261  0.628  0.500  0.0  0.956  N    0  0.250  (538,288,1076,935)
  78  0.385  0.662  0.979  0.733  0.347  0.528  0.500  0.0  0.928  N    2  0.250  (473,94,1011,741)
  79  0.378  0.516  0.874  0.805  0.545  0.469  0.500  0.0  0.967  N    0  0.122  (493,518,869,971)
  80  0.372  0.445  0.960  0.984  0.542  0.593  0.500  0.0  0.951  N    2  0.160  (569,491,999,1009)
  81  0.365  0.371  0.816  0.996  0.648  0.795  0.402  0.0  0.975  N    0  0.360  (215,462,860,1239)
  82  0.361  0.613  0.974  0.868  0.286  0.514  0.500  0.0  0.870  N    2  0.250  (517,87,1055,734)
  83  0.356  0.542  0.914  0.741  0.463  0.564  0.500  0.0  0.962  N    0  0.160  (500,483,930,1001)
  84  0.349  0.209  0.829  0.881  0.836  0.398  0.500  0.0  0.932  N    3  0.160  (0,547,430,1065)
  85  0.346  0.411  0.814  0.969  0.628  0.665  0.500  0.0  0.914  N    2  0.250  (268,527,806,1174)
  86  0.336  0.053  0.915  0.653  0.988  0.299  0.500  0.0  0.865  N    3  0.090  (0,482,322,870)
  87  0.336  0.535  1.000  0.819  0.288  0.467  0.500  0.0  0.839  N    2  0.160  (595,221,1025,739)
  88  0.329  0.057  0.886  0.620  0.994  0.308  0.500  0.0  0.939  N    3  0.122  (0,497,376,950)
  89  0.327  0.354  0.956  0.707  0.550  0.417  0.500  0.0  0.929  N    3  0.250  (0,158,538,805)
  90  0.322  0.514  0.865  0.917  0.416  0.726  0.500  0.0  0.953  N    0  0.250  (394,551,932,1198)
  91  0.315  0.413  0.844  0.971  0.515  0.702  0.500  0.0  0.963  N    0  0.250  (349,527,887,1174)
  92  0.309  0.400  0.934  0.905  0.404  0.489  0.500  0.0  0.942  N    2  0.122  (563,573,939,1026)
  93  0.309  0.593  0.935  0.520  0.346  0.711  0.500  0.0  0.955  N    0  0.250  (522,385,1060,1032)
  94  0.309  0.418  0.861  0.982  0.520  0.846  0.500  0.0  0.961  N    0  0.360  (311,462,956,1239)
  95  0.303  0.401  0.959  0.897  0.402  0.599  0.500  0.0  0.866  N    2  0.160  (598,518,1028,1036)
  96  0.293  0.545  0.921  0.794  0.289  0.749  0.500  0.0  0.943  N    0  0.250  (531,471,1069,1118)
  97  0.277  0.315  0.810  0.979  0.536  0.697  0.500  0.0  0.966  N    2  0.250  (299,562,837,1209)
  98  0.264  0.338  0.918  0.916  0.369  0.571  0.500  0.0  0.951  N    2  0.160  (508,559,938,1077)
  99  0.225  0.336  0.913  0.870  0.321  0.754  0.500  0.0  0.934  N    0  0.250  (538,533,1076,1180)
 100  0.189  0.268  0.887  0.836  0.319  0.746  0.500  0.0  0.933  N    2  0.250  (444,574,982,1221)
