图片: 07
候选框数量: 100
权重: W_AES=0.4 W_CONTENT=0.2 W_THIRDS=0.1 W_CENTER=0.3 W_DEP=-0.1 W_CLIP_PEN=0.4 W_MISSING_PEN=-0.5

排名  final   aes    con    3rd    ctr    dep    pen    msg    rule   L  i    area   box
   1  0.773  0.992  0.321  0.582  0.999  0.458  0.000  0.0  0.957  N    1  0.360  (8,387,656,1224)
   2  0.768  1.000  0.306  0.927  0.843  0.389  0.000  0.0  0.961  N    1  0.250  (135,517,675,1214)
   3  0.737  0.914  0.354  0.881  0.865  0.469  0.000  0.0  0.967  N    1  0.360  (0,284,648,1121)
   4  0.732  0.882  0.346  0.834  0.892  0.409  0.000  0.0  0.966  N    1  0.250  (67,382,607,1079)
   5  0.731  0.934  0.317  0.882  0.851  0.488  0.000  0.0  0.971  N    1  0.360  (105,387,753,1224)
   6  0.731  0.903  0.320  0.882  0.853  0.381  0.000  0.0  0.969  N    1  0.250  (143,457,683,1154)
   7  0.711  0.910  0.345  0.984  0.735  0.405  0.000  0.0  0.979  N    1  0.250  (143,370,683,1067)
   8  0.695  0.776  0.319  0.590  0.998  0.377  0.000  0.0  0.957  N    1  0.250  (62,457,602,1154)
   9  0.693  0.775  0.302  0.782  0.941  0.382  0.000  0.0  0.949  N    1  0.250  (62,526,602,1223)
  10  0.671  0.666  0.342  0.852  0.908  0.220  0.000  0.0  0.881  N    1  0.090  (204,632,528,1050)
  11  0.668  0.736  0.337  0.935  0.834  0.377  0.000  0.0  0.953  N    1  0.250  (0,406,540,1103)
  12  0.654  0.646  0.325  0.604  0.997  0.287  0.000  0.0  0.957  N    1  0.160  (116,526,548,1084)
  13  0.651  0.875  0.377  0.823  0.644  0.506  0.000  0.0  0.959  N    1  0.360  (0,200,648,1037)
  14  0.646  0.644  0.338  0.843  0.896  0.322  0.000  0.0  0.963  N    1  0.160  (116,470,548,1028)
  15  0.635  0.712  0.357  0.912  0.768  0.428  0.000  0.0  0.967  N    1  0.250  (54,340,594,1037)
  16  0.635  0.754  0.313  0.984  0.682  0.328  0.000  0.0  0.960  N    1  0.160  (200,602,632,1160)
  17  0.627  0.591  0.308  0.796  0.927  0.292  0.000  0.0  0.951  N    1  0.160  (123,589,555,1147)
  18  0.622  0.606  0.309  0.868  0.881  0.336  0.000  0.0  0.945  N    1  0.250  (0,480,540,1177)
  19  0.613  0.862  0.359  0.975  0.503  0.520  0.000  0.0  0.975  N    1  0.360  (118,191,766,1028)
  20  0.611  0.616  0.318  0.976  0.760  0.249  0.000  0.0  0.888  N    1  0.090  (216,546,540,964)
  21  0.607  0.541  0.340  0.894  0.873  0.282  0.000  0.0  0.966  N    1  0.122  (194,547,572,1035)
  22  0.603  0.586  0.334  0.935  0.798  0.314  0.000  0.0  0.969  N    1  0.160  (192,515,624,1073)
  23  0.601  0.504  0.324  0.842  0.916  0.242  0.000  0.0  0.959  N    1  0.122  (131,524,509,1012)
  24  0.597  0.494  0.330  0.746  0.964  0.308  0.000  0.0  0.962  N    1  0.160  (147,518,579,1076)
  25  0.594  0.524  0.303  0.912  0.848  0.224  0.000  0.0  0.945  N    1  0.160  (62,559,494,1117)
  26  0.585  0.652  0.300  0.908  0.690  0.338  0.000  0.0  0.947  N    1  0.160  (145,651,577,1209)
  27  0.583  0.699  0.332  0.994  0.567  0.327  0.000  0.0  0.959  N    1  0.160  (49,419,481,977)
  28  0.579  0.505  0.318  0.922  0.814  0.226  0.000  0.0  0.948  N    1  0.160  (53,519,485,1077)
  29  0.569  0.595  0.322  1.000  0.652  0.292  0.000  0.0  0.953  N    1  0.122  (212,648,590,1136)
  30  0.559  0.408  0.310  0.876  0.892  0.215  0.000  0.0  0.947  N    1  0.122  (125,620,503,1108)
  31  0.551  0.574  0.335  0.903  0.671  0.371  0.000  0.0  0.973  N    1  0.160  (147,415,579,973)
  32  0.551  0.393  0.339  0.869  0.878  0.242  0.000  0.0  0.880  N    1  0.090  (218,596,542,1014)
  33  0.551  0.604  0.339  0.997  0.590  0.352  0.000  0.0  0.980  N    1  0.160  (195,428,627,986)
  34  0.546  0.678  0.303  0.975  0.514  0.373  0.000  0.0  0.946  N    1  0.160  (189,671,621,1229)
  35  0.542  0.807  0.356  0.900  0.395  0.609  0.000  0.0  0.994  N    1  0.360  (215,275,863,1112)
  36  0.538  0.833  0.373  0.601  0.409  0.528  0.000  0.0  0.949  N    1  0.360  (0,116,648,953)
  37  0.532  0.686  0.365  0.904  0.471  0.467  0.000  0.0  0.951  N    1  0.250  (0,270,540,967)
  38  0.532  0.636  0.349  0.910  0.535  0.430  0.000  0.0  0.972  N    1  0.250  (128,287,668,984)
  39  0.530  0.685  0.342  0.927  0.468  0.461  0.000  0.0  0.982  N    1  0.250  (218,369,758,1066)
  40  0.529  0.339  0.305  0.858  0.886  0.190  0.000  0.0  0.886  N    1  0.090  (170,554,494,972)
  41  0.529  0.690  0.351  0.766  0.501  0.447  0.000  0.0  0.965  N    1  0.250  (100,265,640,962)
  42  0.519  0.672  0.309  0.962  0.467  0.319  0.040  0.0  0.934  N    1  0.122  (208,702,586,1190)
  43  0.518  0.509  0.294  0.978  0.664  0.175  0.059  0.0  0.860  N    1  0.090  (130,526,454,944)
  44  0.515  0.865  0.306  0.785  0.938  0.521  0.500  0.0  0.947  N    1  0.360  (8,470,656,1307)
  45  0.515  0.566  0.333  0.799  0.600  0.381  0.000  0.0  0.965  N    1  0.160  (108,395,540,953)
  46  0.514  0.779  0.341  0.864  0.291  0.398  0.000  0.0  0.945  N    1  0.160  (43,340,475,898)
  47  0.511  0.881  0.312  0.826  0.439  0.467  0.180  0.0  0.813  N    1  0.250  (250,530,790,1227)
  48  0.508  0.244  0.332  0.773  0.949  0.183  0.000  0.0  0.877  N    1  0.090  (170,638,494,1056)
  49  0.507  0.544  0.317  0.810  0.587  0.314  0.000  0.0  0.967  N    1  0.122  (131,446,509,934)
  50  0.507  0.561  0.320  0.893  0.642  0.220  0.104  0.0  0.851  N    1  0.160  (13,499,445,1057)
  51  0.505  0.621  0.359  0.720  0.531  0.462  0.000  0.0  0.959  N    1  0.250  (54,270,594,967)
  52  0.502  0.366  0.302  0.991  0.717  0.188  0.000  0.0  0.928  N    1  0.122  (82,628,460,1116)
  53  0.499  0.232  0.324  0.624  0.994  0.188  0.000  0.0  0.882  N    1  0.090  (170,596,494,1014)
  54  0.480  0.742  0.339  0.836  0.255  0.442  0.000  0.0  0.967  N    1  0.250  (164,206,704,903)
  55  0.479  0.183  0.316  0.797  0.933  0.165  0.000  0.0  0.876  N    1  0.090  (145,610,469,1028)
  56  0.479  0.319  0.313  0.943  0.775  0.187  0.049  0.0  0.929  N    1  0.122  (78,548,456,1036)
  57  0.476  0.806  0.307  0.853  0.357  0.380  0.155  0.0  0.817  N    1  0.160  (241,680,673,1238)
  58  0.464  0.684  0.343  0.916  0.379  0.486  0.089  0.0  0.912  N    1  0.250  (232,329,772,1026)
  59  0.460  0.379  0.307  0.961  0.657  0.173  0.071  0.0  0.800  N    1  0.090  (134,694,458,1112)
  60  0.459  0.407  0.321  0.901  0.600  0.221  0.040  0.0  0.858  N    1  0.090  (204,707,528,1125)
  61  0.454  0.353  0.325  0.967  0.613  0.322  0.000  0.0  0.976  N    1  0.122  (197,467,575,955)
  62  0.452  0.185  0.293  0.915  0.806  0.138  0.000  0.0  0.818  N    1  0.062  (207,583,477,931)
  63  0.450  0.625  0.341  0.882  0.530  0.333  0.204  0.0  0.798  N    1  0.160  (255,475,687,1033)
  64  0.450  0.681  0.362  0.807  0.289  0.620  0.000  0.0  0.984  N    1  0.360  (215,191,863,1028)
  65  0.448  0.690  0.358  0.555  0.315  0.491  0.000  0.0  0.945  N    1  0.250  (54,200,594,897)
  66  0.445  0.707  0.370  0.770  0.263  0.516  0.041  0.0  0.926  N    1  0.250  (0,192,540,889)
  67  0.445  0.401  0.284  0.982  0.517  0.262  0.000  0.0  0.930  N    1  0.160  (45,662,477,1220)
  68  0.442  0.584  0.328  0.813  0.339  0.399  0.000  0.0  0.964  N    1  0.160  (173,340,605,898)
  69  0.441  0.544  0.325  0.978  0.497  0.272  0.154  0.0  0.810  N    1  0.160  (0,445,432,1003)
  70  0.441  0.834  0.299  0.999  0.640  0.450  0.500  0.0  0.957  N    1  0.250  (160,578,700,1275)
  71  0.430  0.547  0.341  0.866  0.336  0.445  0.000  0.0  0.978  N    1  0.250  (188,261,728,958)
  72  0.421  0.706  0.298  0.955  0.763  0.458  0.500  0.0  0.948  N    1  0.250  (101,586,641,1283)
  73  0.402  0.445  0.334  0.779  0.398  0.403  0.000  0.0  0.957  N    1  0.160  (83,352,515,910)
  74  0.386  0.632  0.294  0.965  0.734  0.429  0.500  0.0  0.936  N    1  0.250  (23,590,563,1287)
  75  0.382  0.647  0.351  0.598  0.180  0.609  0.000  0.0  0.975  N    1  0.360  (215,107,863,944)
  76  0.368  0.589  0.341  0.796  0.277  0.369  0.154  0.0  0.806  N    1  0.160  (0,361,432,919)
  77  0.360  0.432  0.321  0.911  0.371  0.297  0.125  0.0  0.841  N    1  0.122  (62,429,440,917)
  78  0.346  0.559  0.329  0.632  0.327  0.384  0.167  0.0  0.809  N    1  0.122  (136,379,514,867)
  79  0.345  0.385  0.282  0.911  0.412  0.262  0.135  0.0  0.801  N    1  0.160  (10,676,442,1234)
  80  0.331  0.547  0.333  0.532  0.307  0.426  0.143  0.0  0.828  N    1  0.160  (119,312,551,870)
  81  0.313  0.604  0.303  0.693  0.514  0.660  0.367  0.0  0.929  N    1  0.250  (57,667,597,1364)
  82  0.310  0.437  0.319  0.591  0.314  0.818  0.000  0.0  0.927  N    2  0.122  (228,907,606,1395)
  83  0.301  0.760  0.302  0.876  0.354  0.569  0.500  0.0  0.945  N    1  0.250  (223,622,763,1319)
  84  0.292  0.819  0.308  0.703  0.159  0.682  0.367  0.0  0.813  N    1  0.250  (245,667,785,1364)
  85  0.290  0.266  0.286  0.571  0.409  0.295  0.060  0.0  0.912  N    1  0.122  (141,739,519,1227)
  86  0.250  0.665  0.298  0.871  0.291  0.499  0.500  0.0  0.920  N    1  0.160  (192,738,624,1296)
  87  0.236  0.750  0.312  0.806  0.243  0.798  0.500  0.0  0.927  N    2  0.160  (256,837,688,1395)
  88  0.236  0.803  0.305  0.572  0.221  0.703  0.500  0.0  0.953  N    1  0.360  (118,558,766,1395)
  89  0.225  0.790  0.321  0.693  0.159  0.724  0.500  0.0  0.967  N    2  0.360  (215,558,863,1395)
  90  0.222  0.743  0.309  0.686  0.230  0.739  0.500  0.0  0.948  N    2  0.250  (188,698,728,1395)
  91  0.211  0.764  0.317  0.668  0.163  0.740  0.500  0.0  0.894  N    2  0.250  (269,698,809,1395)
  92  0.197  0.353  0.298  0.652  0.154  0.673  0.119  0.0  0.909  N    1  0.250  (0,690,540,1387)
  93  0.190  0.619  0.307  0.838  0.263  0.817  0.500  0.0  0.794  N    2  0.122  (288,904,666,1392)
  94  0.166  0.652  0.330  0.577  0.110  0.518  0.500  0.0  0.920  N    3  0.250  (540,698,1080,1395)
  95  0.145  0.032  0.285  0.704  0.347  0.830  0.040  0.0  0.828  N    2  0.090  (211,977,535,1395)
  96  0.133  0.526  0.315  0.540  0.286  0.798  0.500  0.0  0.933  N    2  0.160  (197,837,629,1395)
  97  0.129  0.000  0.259  0.594  0.195  0.209  0.049  0.0  0.794  N    3  0.090  (749,977,1073,1395)
  98  0.112  0.392  0.292  0.535  0.319  0.521  0.500  0.0  0.828  N    1  0.160  (122,755,554,1313)
  99  0.105  0.305  0.277  0.862  0.281  0.424  0.500  0.0  0.858  N    1  0.160  (46,744,478,1302)
 100  0.080  0.373  0.311  0.673  0.257  0.756  0.500  0.0  0.802  N    2  0.160  (148,826,580,1384)
