图片: 08
候选框数量: 100
权重: W_AES=0.4 W_CONTENT=0.2 W_THIRDS=0.1 W_CENTER=0.3 W_DEP=-0.1 W_CLIP_PEN=0.4 W_MISSING_PEN=-0.5

排名  final   aes    con    3rd    ctr    dep    pen    msg    rule   L  i    area   box
   1  0.651  1.000  0.797  0.929  0.840  0.655  0.470  0.0  1.000  N    2  0.360  (383,215,1534,863)
   2  0.624  0.958  0.824  0.935  0.701  0.275  0.500  0.0  0.982  N    1  0.250  (508,164,1467,704)
   3  0.606  0.916  0.811  0.991  0.686  0.270  0.500  0.0  0.986  N    2  0.360  (556,215,1707,863)
   4  0.596  0.823  0.829  0.969  0.780  0.298  0.500  0.0  0.914  N    1  0.250  (572,239,1531,779)
   5  0.595  0.871  0.805  0.966  0.719  0.264  0.500  0.0  0.978  N    2  0.360  (512,291,1663,939)
   6  0.595  0.785  0.824  0.932  0.838  0.288  0.500  0.0  0.987  N    2  0.250  (479,269,1438,809)
   7  0.584  0.770  0.822  0.942  0.823  0.297  0.500  0.0  0.981  N    2  0.250  (579,345,1538,885)
   8  0.576  0.774  0.830  0.960  0.778  0.288  0.500  0.0  0.985  N    1  0.250  (479,215,1438,755)
   9  0.559  0.778  0.808  0.811  0.931  0.747  0.500  0.0  0.976  N    2  0.360  (340,356,1491,1004)
  10  0.558  0.711  0.763  0.905  0.810  0.121  0.500  0.0  0.934  N    1  0.250  (595,0,1554,540)
  11  0.542  0.840  0.793  0.939  0.731  0.659  0.500  0.0  0.990  N    1  0.360  (383,150,1534,798)
  12  0.540  0.659  0.846  0.959  0.788  0.248  0.500  0.0  0.974  N    1  0.160  (489,205,1256,637)
  13  0.540  0.589  0.870  0.863  0.901  0.259  0.500  0.0  0.966  N    1  0.122  (643,223,1314,601)
  14  0.538  0.727  0.795  0.879  0.884  0.644  0.500  0.0  0.990  N    2  0.360  (383,280,1534,928)
  15  0.529  0.680  0.824  0.982  0.749  0.304  0.500  0.0  0.975  N    2  0.250  (623,269,1582,809)
  16  0.526  0.638  0.825  0.871  0.892  0.484  0.500  0.0  0.993  N    2  0.250  (436,291,1395,831)
  17  0.526  0.613  0.817  0.923  0.845  0.286  0.500  0.0  0.980  N    2  0.250  (516,384,1475,924)
  18  0.524  0.526  0.822  0.788  0.946  0.131  0.500  0.0  0.937  N    1  0.122  (778,150,1449,528)
  19  0.521  0.530  0.856  0.773  0.950  0.247  0.500  0.0  0.969  N    1  0.122  (721,205,1392,583)
  20  0.511  0.561  0.826  0.888  0.872  0.286  0.500  0.0  0.992  N    2  0.250  (479,323,1438,863)
  21  0.507  0.500  0.826  0.876  0.893  0.140  0.500  0.0  0.953  N    1  0.160  (606,115,1373,547)
  22  0.502  0.734  0.814  0.956  0.602  0.310  0.500  0.0  0.911  N    1  0.250  (711,236,1670,776)
  23  0.501  0.536  0.854  0.910  0.836  0.262  0.500  0.0  0.979  N    1  0.160  (596,196,1363,628)
  24  0.490  0.452  0.800  0.753  0.962  0.150  0.500  0.0  0.945  N    1  0.160  (705,115,1472,547)
  25  0.489  0.526  0.839  0.945  0.808  0.254  0.500  0.0  0.970  N    1  0.160  (670,175,1437,607)
  26  0.481  0.480  0.793  0.867  0.879  0.204  0.500  0.0  0.953  N    1  0.160  (780,139,1547,571)
  27  0.471  0.623  0.819  0.860  0.702  0.383  0.500  0.0  0.979  N    1  0.250  (449,143,1408,683)
  28  0.470  0.650  0.779  0.939  0.828  1.000  0.470  0.0  0.985  N    2  0.360  (210,215,1361,863)
  29  0.469  0.784  0.796  0.945  0.430  0.278  0.500  0.0  0.957  N    1  0.250  (810,163,1769,703)
  30  0.457  0.440  0.845  0.748  0.963  0.520  0.500  0.0  0.958  N    2  0.250  (419,519,1378,1059)
  31  0.451  0.603  0.847  0.862  0.593  0.236  0.500  0.0  0.948  N    1  0.122  (859,223,1530,601)
  32  0.450  0.578  0.791  0.869  0.653  0.224  0.500  0.0  0.970  N    1  0.250  (517,85,1476,625)
  33  0.445  0.365  0.833  0.735  0.968  0.313  0.500  0.0  0.979  N    2  0.160  (567,462,1334,894)
  34  0.443  0.609  0.796  0.991  0.561  0.270  0.500  0.0  0.963  N    1  0.250  (683,133,1642,673)
  35  0.443  0.824  0.814  0.723  0.337  0.230  0.500  0.0  0.948  N    1  0.250  (916,215,1875,755)
  36  0.439  0.381  0.855  0.910  0.861  0.336  0.500  0.0  0.983  N    2  0.160  (647,399,1414,831)
  37  0.433  0.326  0.851  0.742  0.959  0.298  0.500  0.0  0.966  N    2  0.160  (541,536,1308,968)
  38  0.430  0.570  0.817  0.949  0.564  0.259  0.500  0.0  0.960  N    1  0.160  (820,190,1587,622)
  39  0.428  0.305  0.859  0.717  0.974  0.294  0.500  0.0  0.890  N    2  0.122  (605,568,1276,946)
  40  0.426  0.369  0.819  0.806  0.935  0.465  0.500  0.0  0.977  N    2  0.250  (436,399,1395,939)
  41  0.425  0.431  0.821  0.960  0.693  0.161  0.500  0.0  0.959  N    1  0.160  (491,131,1258,563)
  42  0.422  0.191  0.873  0.718  0.970  0.195  0.430  0.0  0.945  N    3  0.160  (493,648,1260,1080)
  43  0.420  0.357  0.821  0.820  0.929  0.476  0.500  0.0  0.985  N    2  0.250  (436,345,1395,885)
  44  0.418  0.595  0.792  0.841  0.638  0.541  0.500  0.0  0.965  N    1  0.250  (418,70,1377,610)
  45  0.417  0.341  0.851  0.948  0.752  0.097  0.500  0.0  0.944  N    1  0.122  (611,143,1282,521)
  46  0.411  0.288  0.859  0.864  0.899  0.325  0.500  0.0  0.975  N    2  0.160  (585,373,1352,805)
  47  0.408  0.474  0.806  0.926  0.844  0.883  0.500  0.0  0.975  N    2  0.250  (335,269,1294,809)
  48  0.405  0.574  0.755  0.971  0.500  0.224  0.500  0.0  0.951  N    1  0.250  (714,69,1673,609)
  49  0.403  0.645  0.766  0.929  0.412  0.244  0.500  0.0  0.949  N    1  0.250  (789,98,1748,638)
  50  0.398  0.302  0.850  0.924  0.812  0.281  0.500  0.0  0.964  N    2  0.250  (546,477,1505,1017)
  51  0.397  0.285  0.849  0.916  0.830  0.272  0.500  0.0  0.954  N    3  0.250  (555,540,1514,1080)
  52  0.397  0.177  0.891  0.667  0.987  0.148  0.500  0.0  0.940  N    3  0.122  (526,702,1197,1080)
  53  0.394  0.248  0.864  0.843  0.897  0.312  0.500  0.0  0.904  N    2  0.160  (532,356,1299,788)
  54  0.392  0.197  0.877  0.806  0.927  0.209  0.500  0.0  0.951  N    3  0.160  (566,648,1333,1080)
  55  0.392  0.470  0.773  0.904  0.862  1.000  0.500  0.0  0.971  N    2  0.360  (167,291,1318,939)
  56  0.384  0.219  0.849  0.810  0.933  0.337  0.500  0.0  0.978  N    2  0.160  (459,388,1226,820)
  57  0.379  0.623  0.779  0.972  0.559  0.908  0.500  0.0  0.959  N    1  0.250  (310,91,1269,631)
  58  0.374  0.316  0.856  0.880  0.721  0.283  0.500  0.0  0.945  N    2  0.250  (651,535,1610,1075)
  59  0.372  0.308  0.809  0.736  0.962  0.755  0.500  0.0  0.977  N    2  0.250  (372,363,1331,903)
  60  0.368  0.167  0.864  0.666  0.986  0.332  0.500  0.0  0.979  N    2  0.122  (623,493,1294,871)
  61  0.368  0.163  0.866  0.622  0.994  0.307  0.500  0.0  0.971  N    2  0.122  (522,490,1193,868)
  62  0.364  0.357  0.859  0.815  0.657  0.291  0.500  0.0  0.943  N    2  0.250  (666,489,1625,1029)
  63  0.359  0.523  0.772  0.987  0.550  0.682  0.500  0.0  0.935  N    1  0.250  (376,0,1335,540)
  64  0.351  0.320  0.798  0.888  0.880  0.895  0.500  0.0  0.966  N    2  0.160  (363,434,1130,866)
  65  0.350  0.237  0.821  0.677  0.985  0.725  0.500  0.0  0.966  N    2  0.250  (374,440,1333,980)
  66  0.346  0.114  0.841  0.715  0.972  0.307  0.500  0.0  0.979  N    2  0.160  (532,442,1299,874)
  67  0.344  0.409  0.775  0.978  0.759  1.000  0.500  0.0  0.964  N    2  0.160  (312,386,1079,818)
  68  0.343  0.091  0.893  0.623  0.994  0.331  0.500  0.0  0.898  N    2  0.090  (629,536,1204,860)
  69  0.342  0.104  0.852  0.749  0.961  0.327  0.500  0.0  0.890  N    2  0.090  (513,494,1088,818)
  70  0.341  0.471  0.801  0.981  0.637  0.970  0.500  0.0  0.970  N    1  0.250  (297,173,1256,713)
  71  0.337  0.255  0.820  0.772  0.951  0.909  0.500  0.0  0.943  N    3  0.250  (280,540,1239,1080)
  72  0.330  0.074  0.851  0.804  0.937  0.310  0.500  0.0  0.985  N    2  0.160  (532,399,1299,831)
  73  0.327  0.178  0.832  0.794  0.932  0.801  0.474  0.0  0.933  N    3  0.160  (344,647,1111,1079)
  74  0.326  0.399  0.736  0.957  0.453  0.124  0.500  0.0  0.913  N    1  0.250  (846,0,1805,540)
  75  0.326  0.065  0.869  0.775  0.940  0.333  0.500  0.0  0.966  N    2  0.122  (602,423,1273,801)
  76  0.325  0.417  0.800  0.655  0.500  0.166  0.500  0.0  0.945  N    1  0.160  (910,149,1677,581)
  77  0.324  0.314  0.799  0.945  0.812  1.000  0.500  0.0  0.980  N    2  0.250  (284,295,1243,835)
  78  0.323  0.268  0.798  0.878  0.886  0.972  0.500  0.0  0.973  N    2  0.250  (292,345,1251,885)
  79  0.319  0.371  0.789  0.902  0.743  1.000  0.500  0.0  0.935  N    2  0.250  (145,519,1104,1059)
  80  0.315  0.102  0.849  0.743  0.964  0.587  0.500  0.0  0.930  N    3  0.122  (404,702,1075,1080)
  81  0.315  0.014  0.893  0.697  0.980  0.334  0.500  0.0  0.892  N    2  0.090  (628,485,1203,809)
  82  0.313  0.091  0.832  0.680  0.983  0.524  0.500  0.0  0.968  N    2  0.160  (436,461,1203,893)
  83  0.308  0.081  0.842  0.637  0.993  0.545  0.500  0.0  0.961  N    2  0.160  (431,506,1198,938)
  84  0.304  0.000  0.863  0.784  0.948  0.312  0.500  0.0  0.971  N    2  0.122  (526,436,1197,814)
  85  0.300  0.011  0.832  0.701  0.977  0.348  0.500  0.0  0.885  N    2  0.090  (468,534,1043,858)
  86  0.291  0.381  0.745  0.919  0.660  1.000  0.500  0.0  0.953  N    2  0.250  (127,387,1086,927)
  87  0.288  0.294  0.785  0.915  0.741  1.000  0.500  0.0  0.943  N    2  0.250  (154,473,1113,1013)
  88  0.285  0.214  0.795  0.897  0.829  0.983  0.500  0.0  0.926  N    3  0.160  (255,645,1022,1077)
  89  0.284  0.131  0.816  0.785  0.948  0.944  0.500  0.0  0.956  N    2  0.250  (285,460,1244,1000)
  90  0.279  0.264  0.766  0.909  0.761  0.991  0.500  0.0  0.899  N    3  0.122  (225,698,896,1076)
  91  0.278  0.294  0.798  0.999  0.669  1.000  0.500  0.0  0.953  N    1  0.250  (254,231,1213,771)
  92  0.265  0.392  0.733  0.847  0.589  1.000  0.500  0.0  0.922  N    2  0.250  (30,444,989,984)
  93  0.265  0.317  0.755  0.944  0.642  1.000  0.500  0.0  0.967  N    2  0.250  (166,314,1125,854)
  94  0.265  0.248  0.738  0.940  0.746  1.000  0.500  0.0  0.952  N    2  0.160  (242,449,1009,881)
  95  0.264  0.036  0.834  0.758  0.953  0.795  0.500  0.0  0.955  N    2  0.160  (381,520,1148,952)
  96  0.257  0.121  0.780  0.933  0.835  0.919  0.500  0.0  0.955  N    2  0.122  (377,431,1048,809)
  97  0.254  0.377  0.753  0.791  0.579  1.000  0.500  0.0  0.923  N    3  0.250  (0,521,959,1061)
  98  0.249  0.099  0.785  0.874  0.875  0.977  0.500  0.0  0.955  N    2  0.122  (356,502,1027,880)
  99  0.237  0.256  0.752  0.835  0.668  1.000  0.500  0.0  0.901  N    3  0.160  (131,643,898,1075)
 100  0.199  0.162  0.726  0.990  0.634  1.000  0.500  0.0  0.891  N    2  0.160  (229,368,996,800)
