图片: 09
候选框数量: 100
权重: W_AES=0.4 W_CONTENT=0.2 W_THIRDS=0.1 W_CENTER=0.3 W_DEP=-0.1 W_CLIP_PEN=0.4 W_MISSING_PEN=-0.5

排名  final   aes    con    3rd    ctr    dep    pen    msg    rule   L  i    area   box
   1  0.673  1.000  0.730  0.744  0.964  0.366  0.500  0.0  0.197  N    7  0.360  (351,275,1375,1042)
   2  0.665  0.932  0.785  0.705  0.977  0.283  0.500  0.0  0.191  N    7  0.250  (476,355,1330,994)
   3  0.660  0.926  0.769  0.767  0.950  0.258  0.500  0.0  0.188  N    7  0.250  (320,336,1174,975)
   4  0.656  0.909  0.797  0.728  0.967  0.302  0.500  0.0  0.183  N    7  0.250  (554,359,1408,998)
   5  0.655  0.877  0.808  0.778  0.949  0.206  0.500  0.0  0.198  N    7  0.160  (512,371,1195,882)
   6  0.652  0.906  0.789  0.677  0.985  0.313  0.500  0.0  0.186  N    7  0.250  (508,373,1362,1012)
   7  0.649  0.949  0.747  0.803  0.939  0.419  0.500  0.0  0.181  N    7  0.360  (495,295,1519,1062)
   8  0.645  0.882  0.774  0.736  0.965  0.260  0.500  0.0  0.194  N    7  0.250  (392,342,1246,981)
   9  0.641  0.933  0.750  0.681  0.984  0.451  0.500  0.0  0.313  N    7  0.360  (407,313,1431,1080)
  10  0.640  0.871  0.783  0.679  0.984  0.283  0.500  0.0  0.195  N    7  0.250  (426,359,1280,998)
  11  0.639  0.922  0.741  0.729  0.967  0.405  0.500  0.0  0.247  N    7  0.360  (417,291,1441,1058)
  12  0.638  0.873  0.785  0.828  0.925  0.280  0.500  0.0  0.182  N    7  0.250  (590,339,1444,978)
  13  0.635  0.906  0.728  0.790  0.938  0.332  0.500  0.0  0.199  N    7  0.360  (334,257,1358,1024)
  14  0.635  0.917  0.741  0.844  0.912  0.376  0.500  0.0  0.182  N    7  0.360  (505,275,1529,1042)
  15  0.635  0.856  0.778  0.764  0.957  0.263  0.500  0.0  0.194  N    7  0.250  (462,339,1316,978)
  16  0.634  0.872  0.785  0.647  0.990  0.336  0.500  0.0  0.185  N    7  0.250  (492,390,1346,1029)
  17  0.634  0.860  0.776  0.679  0.982  0.274  0.500  0.0  0.188  N    7  0.250  (348,355,1202,994)
  18  0.631  0.882  0.773  0.839  0.917  0.350  0.500  0.0  0.595  N    7  0.250  (708,381,1562,1020)
  19  0.630  0.896  0.735  0.691  0.981  0.389  0.500  0.0  0.188  N    2  0.360  (263,291,1287,1058)
  20  0.629  0.857  0.795  0.679  0.984  0.361  0.500  0.0  0.179  N    7  0.250  (547,398,1401,1037)
  21  0.628  0.908  0.757  0.648  0.991  0.488  0.500  0.0  0.180  N    2  0.360  (235,336,1259,1103)
  22  0.627  0.881  0.728  0.811  0.934  0.326  0.500  0.0  0.190  N    2  0.360  (235,259,1259,1026)
  23  0.626  0.798  0.855  0.607  0.997  0.236  0.500  0.0  0.181  N    9  0.160  (607,462,1290,973)
  24  0.626  0.863  0.749  0.865  0.889  0.216  0.500  0.0  0.205  N    7  0.160  (701,373,1384,884)
  25  0.626  0.838  0.777  0.698  0.980  0.284  0.500  0.0  0.183  N    7  0.250  (298,359,1152,998)
  26  0.624  0.882  0.734  0.751  0.961  0.390  0.500  0.0  0.181  N    2  0.360  (187,295,1211,1062)
  27  0.623  0.828  0.773  0.774  0.950  0.255  0.500  0.0  0.197  N    7  0.250  (419,334,1273,973)
  28  0.622  0.835  0.771  0.753  0.957  0.283  0.500  0.0  0.457  N    9  0.250  (220,355,1074,994)
  29  0.620  0.889  0.760  0.654  0.990  0.500  0.500  0.0  0.441  N    7  0.360  (388,336,1412,1103)
  30  0.618  0.838  0.773  0.621  0.995  0.322  0.500  0.0  0.178  N    7  0.250  (283,386,1137,1025)
  31  0.614  0.788  0.795  0.785  0.945  0.220  0.500  0.0  0.182  N    7  0.160  (676,403,1359,914)
  32  0.613  0.760  0.830  0.724  0.971  0.208  0.500  0.0  0.192  N    7  0.160  (573,403,1256,914)
  33  0.612  0.825  0.779  0.633  0.992  0.347  0.500  0.0  0.188  N    7  0.250  (448,400,1302,1039)
  34  0.610  0.877  0.719  0.895  0.843  0.265  0.500  0.0  0.187  N    7  0.360  (263,214,1287,981)
  35  0.609  0.848  0.736  0.672  0.986  0.405  0.500  0.0  0.195  N    7  0.360  (341,295,1365,1062)
  36  0.609  0.754  0.827  0.685  0.983  0.218  0.500  0.0  0.186  N    7  0.160  (614,423,1297,934)
  37  0.607  0.848  0.757  0.915  0.846  0.284  0.500  0.0  0.457  N    7  0.250  (718,339,1572,978)
  38  0.607  0.866  0.755  0.598  0.997  0.490  0.500  0.0  0.189  N    7  0.360  (334,334,1358,1101)
  39  0.604  0.804  0.787  0.704  0.978  0.387  0.500  0.0  0.187  N    7  0.250  (426,422,1280,1061)
  40  0.603  0.822  0.747  0.852  0.877  0.236  0.500  0.0  0.189  N    7  0.250  (348,291,1202,930)
  41  0.602  0.807  0.751  0.870  0.884  0.235  0.500  0.0  0.194  N    7  0.250  (458,296,1312,935)
  42  0.602  0.852  0.748  0.944  0.798  0.224  0.500  0.0  0.179  N    7  0.250  (590,275,1444,914)
  43  0.601  0.730  0.862  0.617  0.995  0.235  0.500  0.0  0.183  N    9  0.160  (578,467,1261,978)
  44  0.601  0.772  0.784  0.842  0.905  0.209  0.500  0.0  0.181  N    7  0.160  (619,360,1302,871)
  45  0.600  0.797  0.773  0.614  0.996  0.341  0.500  0.0  0.178  N    7  0.250  (291,398,1145,1037)
  46  0.599  0.726  0.830  0.687  0.982  0.205  0.500  0.0  0.196  N    7  0.160  (504,411,1187,922)
  47  0.598  0.845  0.770  0.726  0.970  0.572  0.500  0.0  0.186  N    7  0.360  (341,371,1365,1138)
  48  0.596  0.718  0.834  0.655  0.989  0.205  0.500  0.0  0.195  N    7  0.160  (512,423,1195,934)
  49  0.594  0.831  0.721  0.885  0.855  0.276  0.500  0.0  0.195  N    7  0.360  (341,218,1365,985)
  50  0.593  0.723  0.809  0.761  0.957  0.207  0.500  0.0  0.197  N    7  0.160  (488,380,1171,891)
  51  0.590  0.780  0.751  0.863  0.884  0.235  0.500  0.0  0.197  N    7  0.250  (426,295,1280,934)
  52  0.590  0.866  0.719  0.975  0.757  0.249  0.500  0.0  0.177  N    7  0.360  (505,198,1529,965)
  53  0.589  0.773  0.775  0.598  0.997  0.341  0.500  0.0  0.180  N    7  0.250  (320,400,1174,1039)
  54  0.586  0.811  0.769  0.716  0.974  0.565  0.500  0.0  0.179  N    7  0.360  (263,368,1287,1135)
  55  0.585  0.760  0.782  0.672  0.985  0.377  0.500  0.0  0.180  N    7  0.250  (348,419,1202,1058)
  56  0.583  0.738  0.769  0.779  0.947  0.281  0.500  0.0  0.240  N    9  0.250  (205,353,1059,992)
  57  0.582  0.692  0.821  0.658  0.988  0.214  0.500  0.0  0.185  N    9  0.160  (409,423,1092,934)
  58  0.576  0.696  0.791  0.786  0.942  0.216  0.500  0.0  0.191  N    7  0.160  (434,368,1117,879)
  59  0.576  0.736  0.778  0.613  0.995  0.340  0.500  0.0  0.189  N    7  0.250  (419,398,1273,1037)
  60  0.572  0.789  0.781  0.803  0.939  0.619  0.500  0.0  0.183  N    7  0.360  (407,390,1431,1157)
  61  0.572  0.656  0.836  0.667  0.987  0.205  0.500  0.0  0.193  N    7  0.160  (536,419,1219,930)
  62  0.570  0.656  0.859  0.588  0.998  0.218  0.500  0.0  0.187  N    9  0.160  (546,459,1229,970)
  63  0.569  0.653  0.859  0.591  0.998  0.223  0.500  0.0  0.184  N    9  0.160  (586,455,1269,966)
  64  0.564  0.641  0.853  0.597  0.998  0.222  0.500  0.0  0.189  N    9  0.160  (507,464,1190,975)
  65  0.561  0.637  0.852  0.589  0.998  0.220  0.500  0.0  0.189  N    9  0.160  (504,462,1187,973)
  66  0.560  0.668  0.772  0.769  0.944  0.220  0.500  0.0  0.181  N    9  0.160  (380,367,1063,878)
  67  0.559  0.750  0.734  0.900  0.816  0.229  0.500  0.0  0.184  N    7  0.250  (336,258,1190,897)
  68  0.559  0.640  0.837  0.576  0.999  0.223  0.500  0.0  0.180  N    9  0.160  (405,464,1088,975)
  69  0.557  0.776  0.780  0.825  0.912  0.652  0.500  0.0  0.180  N    7  0.360  (334,411,1358,1178)
  70  0.557  0.629  0.819  0.678  0.982  0.214  0.500  0.0  0.186  N    9  0.160  (405,413,1088,924)
  71  0.552  0.614  0.846  0.613  0.996  0.233  0.500  0.0  0.182  N   13  0.160  (440,472,1123,983)
  72  0.548  0.709  0.794  0.889  0.881  0.478  0.500  0.0  0.243  N    7  0.250  (732,441,1586,1080)
  73  0.547  0.605  0.844  0.604  0.997  0.231  0.500  0.0  0.182  N   13  0.160  (434,470,1117,981)
  74  0.546  0.600  0.823  0.678  0.984  0.213  0.500  0.0  0.188  N    7  0.160  (434,419,1117,930)
  75  0.545  0.687  0.805  0.821  0.915  0.471  0.500  0.0  0.181  N    9  0.250  (419,462,1273,1101)
  76  0.544  0.589  0.854  0.634  0.993  0.234  0.500  0.0  0.189  N   13  0.160  (512,474,1195,985)
  77  0.544  0.604  0.837  0.567  1.000  0.221  0.500  0.0  0.180  N    9  0.160  (402,462,1085,973)
  78  0.541  0.671  0.799  0.791  0.930  0.452  0.500  0.0  0.178  N    9  0.250  (373,455,1227,1094)
  79  0.531  0.573  0.845  0.740  0.961  0.297  0.500  0.0  0.183  N   13  0.160  (504,513,1187,1024)
  80  0.529  0.588  0.771  0.774  0.950  0.222  0.500  0.0  0.183  N    9  0.160  (334,381,1017,892)
  81  0.521  0.544  0.811  0.693  0.981  0.221  0.500  0.0  0.179  N    9  0.160  (331,419,1014,930)
  82  0.489  0.517  0.830  0.826  0.906  0.382  0.500  0.0  0.178  N   13  0.160  (518,552,1201,1063)
  83  0.476  0.444  0.835  0.747  0.957  0.305  0.500  0.0  0.180  N   13  0.160  (475,518,1158,1029)
  84  0.031  0.535  0.684  0.845  0.337  0.057  0.000  1.0  0.219  N   -1  0.040  (505,0,846,255)
  85  -0.006  0.267  0.856  0.859  0.455  0.059  0.000  1.0  0.207  N   -1  0.040  (378,0,719,255)
  86  -0.024  0.275  0.085  0.545  1.000  0.057  0.000  1.0  0.207  N   -1  0.040  (987,0,1328,255)
  87  -0.049  0.249  0.844  0.882  0.334  0.060  0.000  1.0  0.194  N   -1  0.040  (238,0,579,255)
  88  -0.062  0.371  0.893  0.555  1.000  0.447  0.500  1.0  0.257  N    8  0.062  (935,960,1362,1279)
  89  -0.075  0.350  0.866  0.555  1.000  0.437  0.500  1.0  0.270  N    8  0.062  (796,960,1223,1279)
  90  -0.079  0.338  0.878  0.552  1.000  0.454  0.500  1.0  0.683  N   14  0.040  (1252,1017,1593,1272)
  91  -0.144  0.263  0.851  0.556  1.000  0.752  0.500  1.0  0.736  N   10  0.062  (1281,960,1708,1279)
  92  -0.145  0.209  0.889  0.555  1.000  0.622  0.500  1.0  0.747  N   14  0.062  (1162,960,1589,1279)
  93  -0.179  0.197  0.694  0.558  1.000  0.522  0.500  1.0  0.673  N   14  0.040  (1350,1024,1691,1279)
  94  -0.188  0.154  0.247  0.925  0.379  0.055  0.000  1.0  0.230  N   -1  0.040  (609,12,950,267)
  95  -0.200  0.327  0.179  0.740  0.217  0.058  0.000  1.0  0.195  N   -1  0.040  (1115,0,1456,255)
  96  -0.217  0.243  0.190  0.748  0.263  0.055  0.000  1.0  0.231  N   -1  0.040  (745,12,1086,267)
  97  -0.239  0.403  0.125  0.487  0.104  0.056  0.000  1.0  0.219  N   -1  0.040  (862,5,1203,260)
  98  -0.261  0.000  0.487  0.749  0.242  0.059  0.000  1.0  0.183  N   -1  0.040  (121,2,462,257)
  99  -0.287  0.087  0.171  0.708  0.265  0.059  0.000  1.0  0.185  N   -1  0.040  (1231,9,1572,264)
 100  -0.340  0.140  0.454  0.866  0.363  0.032  0.450  1.0  0.288  N   11  0.040  (1367,191,1708,446)
