图片: 10
候选框数量: 100
权重: W_AES=0.4 W_CONTENT=0.2 W_THIRDS=0.1 W_CENTER=0.3 W_DEP=-0.1 W_CLIP_PEN=0.4 W_MISSING_PEN=-0.5

排名  final   aes    con    3rd    ctr    dep    pen    msg    rule   L  i    area   box
   1  0.429  0.890  0.603  0.759  0.589  1.000  0.500  0.0  0.791  N    3  0.360  (553,485,1705,1253)
   2  0.425  0.892  0.611  0.946  0.504  1.000  0.500  0.0  0.805  N    3  0.360  (380,485,1532,1253)
   3  0.402  0.791  0.603  0.904  0.583  1.000  0.500  0.0  0.776  N    4  0.360  (657,512,1809,1280)
   4  0.391  0.747  0.610  0.854  0.616  1.000  0.500  0.0  0.791  N    4  0.360  (476,512,1628,1280)
   5  0.387  0.852  0.528  0.965  0.480  1.000  0.500  0.0  0.751  Y    3  0.360  (725,485,1877,1253)
   6  0.360  0.829  0.470  0.956  0.463  1.000  0.500  0.0  0.767  Y    4  0.360  (768,512,1920,1280)
   7  0.350  0.741  0.617  0.946  0.450  1.000  0.500  0.0  0.762  N    4  0.360  (304,512,1456,1280)
   8  0.309  1.000  0.446  0.948  0.807  0.166  0.000  1.0  0.380  Y   -1  0.040  (264,547,648,803)
   9  0.233  0.680  0.589  0.831  0.922  0.161  0.000  1.0  0.479  Y   -1  0.062  (266,527,746,847)
  10  0.210  0.611  0.594  0.752  0.952  0.140  0.000  1.0  0.409  Y   -1  0.062  (285,598,765,918)
  11  0.205  0.597  0.614  0.662  0.988  0.189  0.000  1.0  0.000  Y   -1  0.040  (564,89,948,345)
  12  0.201  0.742  0.379  0.912  0.815  0.074  0.000  1.0  0.448  Y   -1  0.040  (409,470,793,726)
  13  0.198  0.784  0.350  0.919  0.849  0.328  0.000  1.0  0.670  Y   -1  0.090  (153,353,729,737)
  14  0.195  0.698  0.503  0.890  0.880  0.380  0.000  1.0  0.714  Y   -1  0.122  (97,243,769,691)
  15  0.195  0.721  0.577  0.973  0.772  0.382  0.000  1.0  0.645  Y   -1  0.160  (22,485,790,997)
  16  0.188  0.584  0.590  0.858  0.904  0.204  0.000  1.0  0.497  Y   -1  0.090  (216,573,792,957)
  17  0.188  0.701  0.434  0.944  0.811  0.168  0.000  1.0  0.559  Y   -1  0.062  (279,439,759,759)
  18  0.187  0.639  0.637  0.950  0.764  0.197  0.000  1.0  0.000  Y   -1  0.040  (441,60,825,316)
  19  0.186  0.572  0.691  0.932  0.838  0.259  0.000  1.0  0.000  Y   -1  0.040  (383,34,767,290)
  20  0.173  0.642  0.388  0.872  0.895  0.170  0.000  1.0  0.439  Y   -1  0.040  (272,475,656,731)
  21  0.173  0.622  0.389  0.810  0.920  0.105  0.000  1.0  0.480  Y   -1  0.040  (335,417,719,673)
  22  0.167  0.577  0.585  0.882  0.888  0.354  0.000  1.0  0.520  Y   -1  0.160  (12,630,780,1142)
  23  0.166  0.524  0.626  0.917  0.854  0.171  0.000  1.0  0.000  Y   -1  0.040  (422,92,806,348)
  24  0.161  0.544  0.602  0.896  0.851  0.217  0.000  1.0  0.373  Y   -1  0.062  (544,92,1024,412)
  25  0.160  0.535  0.621  0.929  0.842  0.237  0.000  1.0  0.367  Y   -1  0.090  (468,10,1044,394)
  26  0.160  0.666  0.573  0.961  0.698  0.271  0.000  1.0  0.000  Y   -1  0.040  (422,0,806,256)
  27  0.159  0.519  0.581  0.789  0.940  0.263  0.000  1.0  0.086  Y   -1  0.040  (716,0,1100,256)
  28  0.158  0.423  0.794  0.704  0.975  0.326  0.000  1.0  0.000  Y   -1  0.040  (289,5,673,261)
  29  0.154  0.606  0.356  0.601  0.997  0.193  0.000  1.0  0.554  Y   -1  0.062  (262,341,742,661)
  30  0.152  0.595  0.363  0.913  0.859  0.079  0.000  1.0  0.459  Y   -1  0.040  (393,417,777,673)
  31  0.148  0.580  0.369  0.824  0.902  0.102  0.000  1.0  0.483  Y   -1  0.040  (335,443,719,699)
  32  0.143  0.594  0.650  0.928  0.687  0.231  0.000  1.0  0.000  Y   -1  0.040  (441,34,825,290)
  33  0.143  0.624  0.376  0.959  0.797  0.170  0.000  1.0  0.449  Y   -1  0.040  (277,417,661,673)
  34  0.141  0.481  0.649  0.929  0.830  0.232  0.000  1.0  0.357  Y   -1  0.090  (352,12,928,396)
  35  0.140  0.462  0.609  0.868  0.890  0.208  0.000  1.0  0.000  Y   -1  0.040  (541,0,925,256)
  36  0.137  0.518  0.678  0.982  0.748  0.285  0.000  1.0  0.341  Y   -1  0.090  (250,10,826,394)
  37  0.135  0.463  0.631  0.922  0.849  0.232  0.000  1.0  0.318  Y   -1  0.090  (431,0,1007,384)
  38  0.134  0.697  0.391  0.969  0.718  0.351  0.000  1.0  0.659  Y   -1  0.090  (128,393,704,777)
  39  0.131  0.812  0.484  0.843  0.551  0.401  0.000  1.0  0.631  Y   -1  0.122  (0,480,672,928)
  40  0.131  0.659  0.522  0.919  0.713  0.431  0.000  1.0  0.749  Y   -1  0.160  (0,363,768,875)
  41  0.130  0.656  0.328  0.932  0.817  0.365  0.000  1.0  0.651  Y   -1  0.090  (115,326,691,710)
  42  0.129  0.683  0.443  0.945  0.721  0.438  0.000  1.0  0.742  Y   -1  0.160  (0,308,768,820)
  43  0.124  0.409  0.736  0.945  0.819  0.270  0.000  1.0  0.000  Y   -1  0.040  (267,93,651,349)
  44  0.124  0.468  0.638  0.965  0.787  0.234  0.000  1.0  0.642  Y   -1  0.122  (341,4,1013,452)
  45  0.123  0.632  0.459  0.899  0.777  0.444  0.000  1.0  0.735  Y   -1  0.160  (0,251,768,763)
  46  0.122  0.613  0.589  0.973  0.660  0.365  0.000  1.0  0.516  Y   -1  0.122  (4,604,676,1052)
  47  0.120  0.506  0.352  0.755  0.961  0.166  0.000  1.0  0.448  Y   -1  0.040  (283,378,667,634)
  48  0.119  0.471  0.588  0.927  0.835  0.300  0.000  1.0  0.566  Y   -1  0.122  (97,569,769,1017)
  49  0.117  0.439  0.607  0.935  0.829  0.223  0.000  1.0  0.528  Y   -1  0.090  (471,65,1047,449)
  50  0.115  0.522  0.565  0.966  0.777  0.363  0.000  1.0  0.718  Y   -1  0.122  (99,419,771,867)
  51  0.114  0.608  0.587  0.917  0.639  0.305  0.000  1.0  0.480  Y   -1  0.090  (108,575,684,959)
  52  0.110  0.481  0.659  0.991  0.714  0.273  0.000  1.0  0.511  Y   -1  0.090  (242,65,818,449)
  53  0.105  0.479  0.613  0.980  0.706  0.191  0.000  1.0  0.389  Y   -1  0.062  (279,178,759,498)
  54  0.105  0.471  0.332  0.854  0.909  0.079  0.000  1.0  0.449  Y   -1  0.040  (403,379,787,635)
  55  0.104  0.500  0.581  0.974  0.764  0.384  0.000  1.0  0.595  Y   -1  0.160  (0,533,768,1045)
  56  0.100  0.447  0.434  0.833  0.905  0.201  0.000  1.0  0.471  Y   -1  0.062  (252,261,732,581)
  57  0.100  0.648  0.463  0.878  0.652  0.353  0.000  1.0  0.570  Y   -1  0.090  (102,478,678,862)
  58  0.100  0.359  0.593  0.731  0.969  0.262  0.000  1.0  0.141  Y   -1  0.040  (702,88,1086,344)
  59  0.094  0.388  0.582  0.842  0.915  0.361  0.000  1.0  0.510  Y   -1  0.160  (0,687,768,1199)
  60  0.088  0.516  0.466  0.979  0.758  0.366  0.000  1.0  0.564  Y   -1  0.090  (109,242,685,626)
  61  0.088  0.433  0.603  0.981  0.745  0.274  0.000  1.0  0.641  Y   -1  0.122  (484,0,1156,448)
  62  0.087  0.357  0.628  0.956  0.804  0.182  0.000  1.0  0.330  Y   -1  0.062  (372,86,852,406)
  63  0.084  0.410  0.374  0.566  1.000  0.109  0.000  1.0  0.477  Y   -1  0.040  (335,391,719,647)
  64  0.083  0.338  0.585  0.594  0.998  0.274  0.000  1.0  0.203  Y   -1  0.062  (637,0,1117,320)
  65  0.076  0.360  0.576  0.922  0.843  0.281  0.000  1.0  0.404  Y   -1  0.062  (674,80,1154,400)
  66  0.071  0.396  0.685  0.967  0.723  0.376  0.000  1.0  0.613  Y   -1  0.122  (127,8,799,456)
  67  0.069  0.243  0.794  0.882  0.870  0.370  0.000  1.0  0.154  Y   -1  0.062  (153,4,633,324)
  68  0.067  0.717  0.398  0.802  0.545  0.431  0.000  1.0  0.695  Y   -1  0.122  (0,411,672,859)
  69  0.066  0.688  0.337  0.872  0.601  0.438  0.000  1.0  0.714  Y   -1  0.122  (0,344,672,792)
  70  0.066  0.598  0.402  0.883  0.674  0.441  0.000  1.0  0.685  Y   -1  0.122  (0,246,672,694)
  71  0.062  0.626  0.327  0.893  0.640  0.345  0.000  1.0  0.424  Y   -1  0.062  (110,511,590,831)
  72  0.062  0.307  0.737  0.944  0.784  0.376  0.000  1.0  0.498  Y   -1  0.090  (125,0,701,384)
  73  0.058  0.321  0.584  0.934  0.831  0.295  0.000  1.0  0.388  Y   -1  0.062  (776,0,1256,320)
  74  0.050  0.354  0.320  0.631  0.993  0.165  0.000  1.0  0.362  Y   -1  0.040  (278,287,662,543)
  75  0.050  0.295  0.686  0.984  0.744  0.268  0.000  1.0  0.311  Y   -1  0.062  (253,84,733,404)
  76  0.046  0.403  0.607  0.963  0.681  0.370  0.000  1.0  0.479  Y   -1  0.090  (98,161,674,545)
  77  0.045  0.469  0.639  0.802  0.646  0.443  0.000  1.0  0.584  Y   -1  0.160  (18,57,786,569)
  78  0.028  0.429  0.590  0.998  0.609  0.436  0.000  1.0  0.611  Y   -1  0.122  (0,167,672,615)
  79  0.027  0.209  0.578  0.857  0.906  0.301  0.000  1.0  0.517  Y   -1  0.090  (631,0,1207,384)
  80  0.026  0.594  0.317  0.866  0.584  0.365  0.000  1.0  0.471  Y   -1  0.062  (111,431,591,751)
  81  0.023  0.261  0.723  0.877  0.740  0.363  0.000  1.0  0.358  Y   -1  0.062  (109,74,589,394)
  82  0.016  0.417  0.364  0.986  0.702  0.332  0.000  1.0  0.414  Y   -1  0.062  (138,255,618,575)
  83  -0.016  0.278  0.664  0.826  0.677  0.454  0.000  1.0  0.605  Y   -1  0.160  (4,0,772,512)
  84  -0.018  0.245  0.602  0.935  0.677  0.327  0.000  1.0  0.362  Y   -1  0.062  (143,188,623,508)
  85  -0.020  0.231  0.672  0.839  0.688  0.366  0.000  1.0  0.456  Y   -1  0.090  (111,90,687,474)
  86  -0.025  0.168  0.701  0.931  0.725  0.432  0.000  1.0  0.562  Y   -1  0.122  (3,0,675,448)
  87  -0.036  0.310  0.585  0.991  0.555  0.423  0.000  1.0  0.447  Y   -1  0.090  (7,181,583,565)
  88  -0.039  0.555  0.311  0.696  0.499  0.429  0.000  1.0  0.558  Y   -1  0.090  (11,338,587,722)
  89  -0.047  0.476  0.338  0.726  0.533  0.371  0.000  1.0  0.477  Y   -1  0.062  (109,365,589,685)
  90  -0.054  0.000  0.768  0.964  0.790  0.407  0.000  1.0  0.328  Y   -1  0.062  (0,0,480,320)
  91  -0.055  0.065  0.718  0.960  0.736  0.417  0.000  1.0  0.439  Y   -1  0.090  (0,10,576,394)
  92  -0.063  0.454  0.284  0.952  0.458  0.337  0.000  1.0  0.350  Y   -1  0.040  (137,457,521,713)
  93  -0.077  0.167  0.651  0.879  0.604  0.435  0.000  1.0  0.530  Y   -1  0.122  (0,79,672,527)
  94  -0.090  0.391  0.278  0.784  0.541  0.429  0.000  1.0  0.532  Y   -1  0.090  (0,423,576,807)
  95  -0.093  0.407  0.276  0.738  0.518  0.406  0.000  1.0  0.499  Y   -1  0.090  (0,479,576,863)
  96  -0.105  0.399  0.226  0.707  0.536  0.410  0.000  1.0  0.378  Y   -1  0.062  (0,357,480,677)
  97  -0.125  0.579  0.431  0.720  0.268  0.956  0.000  1.0  0.660  N    5  0.040  (1522,1024,1906,1280)
  98  -0.139  0.241  0.339  0.859  0.513  0.428  0.000  1.0  0.493  Y   -1  0.090  (0,253,576,637)
  99  -0.142  0.002  0.661  0.889  0.592  0.410  0.000  1.0  0.421  Y   -1  0.090  (14,95,590,479)
 100  -0.143  0.173  0.251  0.895  0.606  0.333  0.000  1.0  0.344  Y   -1  0.040  (147,370,531,626)
