图片: 119
候选框数量: 100
权重: W_AES=0.45 W_CONTENT=0.25 W_THIRDS=0.15 W_CENTER=0.15 W_DEP=-0.1 W_PEN=0.4

排名  final   aes    con    3rd    ctr    dep    pen    rule   L  i    area   box
   1  0.516  0.581  1.000  0.808  0.917  0.539  0.500  0.555  N    0  0.090  (206,406,335,580)
   2  0.503  0.552  1.000  0.792  0.926  0.536  0.500  0.752  N    1  0.090  (205,378,334,552)
   3  0.499  0.540  1.000  0.870  0.862  0.535  0.500  0.853  N    0  0.090  (207,388,336,562)
   4  0.499  0.532  1.000  0.907  0.848  0.538  0.500  0.495  N    2  0.090  (226,388,355,562)
   5  0.497  0.599  0.937  0.909  0.787  0.614  0.500  0.926  N    0  0.122  (202,372,352,575)
   6  0.489  0.740  0.835  0.790  0.627  0.652  0.500  0.936  N    0  0.160  (184,332,356,564)
   7  0.486  0.514  1.000  0.809  0.917  0.539  0.500  0.554  N    0  0.090  (207,406,336,580)
   8  0.486  0.957  0.638  0.643  0.482  0.730  0.500  0.944  N    0  0.250  (162,274,377,564)
   9  0.484  0.692  0.826  0.855  0.703  0.676  0.500  0.941  N    0  0.160  (159,348,331,580)
  10  0.483  0.919  0.637  0.707  0.539  0.766  0.500  0.939  N    0  0.250  (164,290,379,580)
  11  0.481  0.915  0.637  0.706  0.540  0.766  0.500  0.940  N    0  0.250  (162,290,377,580)
  12  0.478  0.677  0.835  0.848  0.698  0.678  0.500  0.931  N    0  0.160  (186,348,358,580)
  13  0.477  0.906  0.637  0.707  0.539  0.766  0.500  0.939  N    0  0.250  (163,290,378,580)
  14  0.476  0.675  0.834  0.845  0.699  0.678  0.500  0.932  N    0  0.160  (182,348,354,580)
  15  0.476  0.673  0.835  0.847  0.699  0.678  0.500  0.931  N    0  0.160  (185,348,357,580)
  16  0.472  0.679  0.838  0.839  0.652  0.666  0.500  0.925  N    0  0.160  (209,339,381,571)
  17  0.472  0.895  0.632  0.707  0.545  0.766  0.500  0.951  N    0  0.250  (131,290,346,580)
  18  0.469  0.663  0.827  0.847  0.694  0.673  0.500  0.941  N    0  0.160  (161,346,333,578)
  19  0.468  0.467  1.000  0.886  0.857  0.531  0.500  0.570  N    2  0.090  (188,388,317,562)
  20  0.467  0.718  0.831  0.768  0.564  0.634  0.500  0.773  N    1  0.160  (210,319,382,551)
  21  0.467  0.899  0.642  0.681  0.498  0.744  0.500  0.931  N    0  0.250  (193,280,408,570)
  22  0.467  0.655  0.834  0.847  0.699  0.678  0.500  0.932  N    0  0.160  (184,348,356,580)
  23  0.466  0.689  0.827  0.803  0.631  0.651  0.500  0.946  N    0  0.160  (158,332,330,564)
  24  0.466  0.651  0.826  0.854  0.703  0.676  0.500  0.940  N    0  0.160  (160,348,332,580)
  25  0.465  0.644  0.838  0.868  0.693  0.681  0.500  0.921  N    0  0.160  (211,348,383,580)
  26  0.465  0.679  0.837  0.815  0.621  0.654  0.500  0.927  N    0  0.160  (209,332,381,564)
  27  0.461  0.871  0.632  0.708  0.545  0.766  0.500  0.952  N    0  0.250  (130,290,345,580)
  28  0.461  0.668  0.836  0.807  0.644  0.658  0.500  0.934  N    0  0.160  (186,336,358,568)
  29  0.456  0.663  0.734  0.946  0.577  0.543  0.500  0.731  N    1  0.122  (173,299,323,502)
  30  0.454  0.618  0.838  0.868  0.693  0.681  0.500  0.922  N    0  0.160  (210,348,382,580)
  31  0.450  1.000  0.512  0.596  0.442  0.841  0.500  0.947  N    0  0.360  (142,232,400,580)
  32  0.449  0.503  0.912  0.912  0.789  0.610  0.500  0.795  N    2  0.122  (173,372,323,575)
  33  0.448  0.837  0.641  0.720  0.535  0.768  0.500  0.928  N    0  0.250  (194,290,409,580)
  34  0.447  0.994  0.512  0.596  0.442  0.842  0.500  0.948  N    0  0.360  (141,232,399,580)
  35  0.446  0.848  0.636  0.686  0.522  0.754  0.500  0.942  N    0  0.250  (159,285,374,575)
  36  0.446  0.838  0.632  0.706  0.545  0.766  0.500  0.951  N    0  0.250  (132,290,347,580)
  37  0.446  0.684  0.798  0.770  0.580  0.635  0.500  0.710  N    2  0.160  (147,321,319,553)
  38  0.443  0.824  0.641  0.720  0.535  0.768  0.500  0.927  N    0  0.250  (195,290,410,580)
  39  0.441  0.981  0.512  0.596  0.442  0.841  0.500  0.947  N    0  0.360  (143,232,401,580)
  40  0.441  0.821  0.641  0.721  0.535  0.768  0.500  0.927  N    0  0.250  (196,290,411,580)
  41  0.441  0.819  0.640  0.730  0.532  0.771  0.500  0.830  N    0  0.250  (215,290,430,580)
  42  0.437  0.968  0.516  0.608  0.439  0.842  0.500  0.936  N    0  0.360  (172,232,430,580)
  43  0.422  0.860  0.624  0.566  0.428  0.698  0.500  0.590  N    1  0.250  (144,257,359,547)
  44  0.422  0.442  0.902  0.935  0.797  0.623  0.500  0.541  N    2  0.122  (227,377,377,580)
  45  0.416  0.918  0.508  0.592  0.448  0.844  0.488  0.962  N    0  0.360  (102,232,360,580)
  46  0.412  0.909  0.508  0.592  0.448  0.844  0.489  0.961  N    0  0.360  (104,232,362,580)
  47  0.411  0.757  0.627  0.720  0.548  0.767  0.500  0.957  N    0  0.250  (115,290,330,580)
  48  0.397  0.809  0.477  0.724  0.448  0.620  0.500  0.961  N    1  0.250  (150,212,365,502)
  49  0.388  0.855  0.508  0.592  0.448  0.844  0.488  0.962  N    0  0.360  (103,232,361,580)
  50  0.371  0.604  0.636  0.735  0.575  0.565  0.500  0.953  N    1  0.160  (183,271,355,503)
  51  0.333  0.286  0.022  0.545  1.000  0.327  0.000  0.471  N   -1  0.122  (218,188,368,391)
  52  0.330  0.286  0.018  0.545  1.000  0.351  0.000  0.468  N   -1  0.122  (61,197,211,400)
  53  0.325  0.671  0.479  0.810  0.285  0.610  0.500  0.679  N    1  0.250  (215,209,430,499)
  54  0.312  0.242  0.020  0.545  1.000  0.341  0.000  0.491  N   -1  0.122  (119,186,269,389)
  55  0.308  0.227  0.027  0.545  1.000  0.331  0.000  0.471  N   -1  0.122  (116,117,266,320)
  56  0.306  0.228  0.021  0.545  1.000  0.338  0.000  0.497  N   -1  0.122  (147,187,297,390)
  57  0.304  0.226  0.019  0.545  1.000  0.344  0.000  0.476  N   -1  0.122  (81,180,231,383)
  58  0.299  0.243  0.022  0.545  1.000  0.475  0.000  0.521  Y   -1  0.250  (0,94,215,384)
  59  0.299  0.238  0.026  0.545  1.000  0.467  0.000  0.553  Y   -1  0.250  (86,93,301,383)
  60  0.296  0.203  0.038  0.545  1.000  0.369  0.000  0.522  Y   -1  0.250  (145,1,360,291)
  61  0.291  0.193  0.026  0.545  1.000  0.338  0.000  0.491  N   -1  0.122  (142,158,292,361)
  62  0.286  0.186  0.035  0.545  1.000  0.388  0.000  0.499  Y   -1  0.250  (0,14,215,304)
  63  0.283  0.661  0.378  0.810  0.260  0.696  0.500  0.845  N    1  0.360  (85,150,343,498)
  64  0.279  0.163  0.028  0.545  1.000  0.336  0.000  0.478  N   -1  0.122  (170,148,320,351)
  65  0.277  0.175  0.030  0.545  1.000  0.404  0.000  0.515  Y   -1  0.250  (31,30,246,320)
  66  0.274  0.167  0.025  0.545  1.000  0.388  0.000  0.488  N   -1  0.160  (121,142,293,374)
  67  0.271  0.156  0.026  0.545  1.000  0.377  0.000  0.483  N   -1  0.160  (129,114,301,346)
  68  0.267  0.147  0.028  0.545  1.000  0.373  0.000  0.472  N   -1  0.160  (158,111,330,343)
  69  0.267  0.136  0.028  0.545  1.000  0.327  0.000  0.477  N   -1  0.122  (135,112,285,315)
  70  0.266  0.138  0.039  0.545  1.000  0.370  0.000  0.533  Y   -1  0.250  (100,0,315,290)
  71  0.264  0.131  0.039  0.545  1.000  0.366  0.000  0.498  Y   -1  0.250  (207,0,422,290)
  72  0.262  0.124  0.029  0.545  1.000  0.325  0.000  0.467  N   -1  0.122  (172,113,322,316)
  73  0.262  0.146  0.028  0.545  1.000  0.425  0.000  0.509  Y   -1  0.250  (3,47,218,337)
  74  0.261  0.137  0.025  0.545  1.000  0.387  0.000  0.481  N   -1  0.160  (108,132,280,364)
  75  0.260  0.133  0.025  0.545  1.000  0.378  0.000  0.466  N   -1  0.160  (84,110,256,342)
  76  0.259  0.121  0.038  0.545  1.000  0.370  0.000  0.534  Y   -1  0.250  (112,0,327,290)
  77  0.257  0.118  0.023  0.545  1.000  0.336  0.000  0.490  N   -1  0.122  (161,180,311,383)
  78  0.257  0.140  0.027  0.545  1.000  0.451  0.000  0.531  Y   -1  0.250  (189,95,404,385)
  79  0.256  0.140  0.025  0.545  1.000  0.448  0.000  0.533  Y   -1  0.250  (51,69,266,359)
  80  0.255  0.113  0.025  0.545  1.000  0.341  0.000  0.476  N   -1  0.122  (106,147,256,350)
  81  0.254  0.121  0.027  0.545  1.000  0.385  0.000  0.482  N   -1  0.160  (157,146,329,378)
  82  0.254  0.112  0.024  0.545  1.000  0.342  0.000  0.469  N   -1  0.122  (87,146,237,349)
  83  0.253  0.116  0.026  0.545  1.000  0.373  0.000  0.472  N   -1  0.160  (106,104,278,336)
  84  0.252  0.120  0.022  0.545  1.000  0.395  0.000  0.471  N   -1  0.160  (70,147,242,379)
  85  0.249  0.111  0.025  0.545  1.000  0.389  0.000  0.493  N   -1  0.160  (128,150,300,382)
  86  0.248  0.110  0.026  0.545  1.000  0.405  0.000  0.509  Y   -1  0.250  (213,46,428,336)
  87  0.246  0.096  0.037  0.545  1.000  0.378  0.000  0.518  Y   -1  0.250  (57,6,272,296)
  88  0.246  0.110  0.027  0.545  1.000  0.421  0.000  0.534  Y   -1  0.250  (71,46,286,336)
  89  0.246  0.091  0.028  0.545  1.000  0.341  0.000  0.472  N   -1  0.160  (129,72,301,304)
  90  0.246  0.121  0.024  0.545  1.000  0.465  0.000  0.530  Y   -1  0.250  (31,85,246,375)
  91  0.242  0.097  0.028  0.545  1.000  0.408  0.000  0.544  Y   -1  0.250  (112,38,327,328)
  92  0.239  0.086  0.031  0.545  1.000  0.392  0.000  0.518  Y   -1  0.250  (174,28,389,318)
  93  0.237  0.079  0.034  0.545  1.000  0.386  0.000  0.509  Y   -1  0.250  (27,13,242,303)
  94  0.236  0.066  0.029  0.545  1.000  0.333  0.000  0.472  N   -1  0.122  (195,160,345,363)
  95  0.234  0.067  0.037  0.545  1.000  0.372  0.000  0.507  Y   -1  0.250  (188,6,403,296)
  96  0.225  0.054  0.028  0.545  1.000  0.382  0.000  0.475  N   -1  0.160  (176,148,348,380)
  97  0.223  0.066  0.028  0.545  1.000  0.449  0.000  0.541  Y   -1  0.250  (154,84,369,374)
  98  0.223  0.056  0.028  0.545  1.000  0.409  0.000  0.539  Y   -1  0.250  (89,37,304,327)
  99  0.215  0.049  0.027  0.545  1.000  0.456  0.000  0.555  Y   -1  0.250  (119,86,334,376)
 100  0.197  0.000  0.028  0.545  1.000  0.417  0.000  0.531  Y   -1  0.250  (157,51,372,341)
