图片: 11
候选框数量: 100
权重: W_AES=0.4 W_CONTENT=0.2 W_THIRDS=0.1 W_CENTER=0.3 W_DEP=-0.1 W_CLIP_PEN=0.4 W_MISSING_PEN=-0.5

排名  final   aes    con    3rd    ctr    dep    pen    msg    rule   L  i    area   box
   1  0.543  0.535  0.478  0.963  0.792  1.000  0.000  0.0  0.933  N    0  0.250  (103,853,742,1706)
   2  0.535  0.566  0.510  0.914  0.716  1.000  0.000  0.0  0.953  N    0  0.360  (140,683,907,1706)
   3  0.513  0.530  0.478  0.924  0.711  1.000  0.000  0.0  0.943  N    0  0.360  (59,683,826,1706)
   4  0.512  0.515  0.519  0.902  0.827  1.000  0.089  0.0  0.758  N    0  0.250  (158,828,797,1681)
   5  0.486  0.529  0.437  0.978  0.632  1.000  0.000  0.0  0.936  N    0  0.360  (0,683,767,1706)
   6  0.449  0.632  0.453  0.970  0.553  1.000  0.142  0.0  0.856  N    1  0.250  (0,844,639,1697)
   7  0.448  0.483  0.474  0.990  0.722  1.000  0.138  0.0  0.605  N    0  0.250  (90,814,729,1667)
   8  0.415  0.403  0.556  0.954  0.807  1.000  0.237  0.0  0.441  N    0  0.250  (223,853,862,1706)
   9  0.409  0.512  0.454  0.964  0.560  1.000  0.128  0.0  0.920  N    1  0.250  (0,853,639,1706)
  10  0.399  0.952  0.873  0.836  0.900  0.105  0.000  1.0  0.458  Y   -1  0.090  (832,643,1215,1154)
  11  0.394  0.904  0.891  0.691  0.981  0.094  0.000  1.0  0.297  N   -1  0.062  (887,719,1206,1145)
  12  0.382  0.896  0.911  0.883  0.874  0.088  0.000  1.0  0.311  N   -1  0.062  (789,704,1108,1130)
  13  0.376  0.978  0.819  0.907  0.800  0.097  0.000  1.0  0.539  Y   -1  0.122  (820,546,1267,1143)
  14  0.374  0.920  0.853  0.808  0.935  0.265  0.000  1.0  0.563  Y   -1  0.160  (751,626,1262,1308)
  15  0.369  0.862  0.870  0.720  0.968  0.116  0.000  1.0  0.446  Y   -1  0.090  (894,661,1277,1172)
  16  0.369  0.375  0.453  0.968  0.573  1.000  0.101  0.0  0.921  N    1  0.250  (8,853,647,1706)
  17  0.363  0.939  0.819  0.868  0.871  0.246  0.000  1.0  0.574  Y   -1  0.160  (680,604,1191,1286)
  18  0.356  0.933  0.865  0.888  0.767  0.094  0.000  1.0  0.475  Y   -1  0.090  (735,626,1118,1137)
  19  0.351  0.844  0.871  0.777  0.948  0.231  0.000  1.0  0.539  Y   -1  0.122  (759,677,1206,1274)
  20  0.348  0.961  0.784  0.910  0.766  0.131  0.000  1.0  0.573  Y   -1  0.160  (754,503,1265,1185)
  21  0.344  0.872  0.857  0.630  0.993  0.366  0.000  1.0  0.539  Y   -1  0.160  (705,714,1216,1396)
  22  0.339  0.131  0.344  0.925  0.832  1.000  0.062  0.0  0.922  N    1  0.160  (148,1024,659,1706)
  23  0.338  0.887  0.780  0.901  0.813  0.071  0.000  1.0  0.295  N   -1  0.040  (511,735,766,1076)
  24  0.336  0.949  0.773  0.885  0.763  0.153  0.000  1.0  0.579  Y   -1  0.160  (704,523,1215,1205)
  25  0.332  0.111  0.343  0.924  0.834  1.000  0.059  0.0  0.923  N    1  0.160  (149,1024,660,1706)
  26  0.326  0.777  0.902  0.884  0.849  0.079  0.000  1.0  0.323  N   -1  0.062  (704,689,1023,1115)
  27  0.322  0.763  0.896  0.659  0.986  0.242  0.000  1.0  0.372  N   -1  0.090  (740,766,1123,1277)
  28  0.318  0.887  0.812  0.873  0.748  0.105  0.000  1.0  0.565  Y   -1  0.122  (737,555,1184,1152)
  29  0.316  0.832  0.877  0.880  0.760  0.080  0.000  1.0  0.289  Y   -1  0.090  (896,562,1279,1073)
  30  0.316  0.704  0.898  0.685  0.982  0.077  0.000  1.0  0.291  N   -1  0.062  (960,688,1279,1114)
  31  0.315  0.760  0.853  0.680  0.984  0.227  0.000  1.0  0.529  Y   -1  0.122  (832,680,1279,1277)
  32  0.315  0.799  0.856  0.678  0.985  0.391  0.000  1.0  0.520  Y   -1  0.160  (768,746,1279,1428)
  33  0.310  0.986  0.768  0.802  0.635  0.084  0.000  1.0  0.502  Y   -1  0.122  (681,527,1128,1124)
  34  0.310  0.881  0.850  0.846  0.700  0.075  0.000  1.0  0.302  Y   -1  0.090  (822,564,1205,1075)
  35  0.309  0.714  0.910  0.636  0.992  0.196  0.000  1.0  0.302  N   -1  0.062  (781,813,1100,1239)
  36  0.307  0.797  0.843  0.768  0.954  0.431  0.000  1.0  0.417  N   -1  0.122  (832,883,1279,1480)
  37  0.298  0.711  0.874  0.623  0.994  0.215  0.000  1.0  0.364  N   -1  0.090  (815,750,1198,1261)
  38  0.297  0.135  0.339  0.705  0.978  1.000  0.223  0.0  0.457  N    0  0.160  (219,1024,730,1706)
  39  0.281  0.726  0.862  0.674  0.985  0.450  0.000  1.0  0.513  Y   -1  0.160  (709,802,1220,1484)
  40  0.279  0.883  0.702  0.909  0.671  0.071  0.000  1.0  0.352  Y   -1  0.090  (447,565,830,1076)
  41  0.269  0.658  0.883  0.658  0.989  0.333  0.000  1.0  0.355  N   -1  0.090  (800,861,1183,1372)
  42  0.269  0.673  0.852  0.634  0.993  0.320  0.000  1.0  0.428  N   -1  0.122  (832,765,1279,1362)
  43  0.263  0.881  0.751  0.803  0.627  0.080  0.000  1.0  0.407  Y   -1  0.160  (763,428,1274,1110)
  44  0.259  0.594  0.900  0.636  0.993  0.202  0.000  1.0  0.312  N   -1  0.062  (695,814,1014,1240)
  45  0.257  0.668  0.859  0.765  0.953  0.448  0.000  1.0  0.506  Y   -1  0.160  (760,806,1271,1488)
  46  0.256  0.875  0.782  0.763  0.605  0.075  0.000  1.0  0.303  Y   -1  0.122  (816,468,1263,1065)
  47  0.247  0.598  0.899  0.669  0.986  0.350  0.000  1.0  0.365  N   -1  0.090  (720,871,1103,1382)
  48  0.244  0.824  0.830  0.773  0.594  0.069  0.000  1.0  0.294  Y   -1  0.090  (746,559,1129,1070)
  49  0.244  0.585  0.866  0.601  0.997  0.229  0.000  1.0  0.355  N   -1  0.090  (877,768,1260,1279)
  50  0.239  0.597  0.876  0.644  0.990  0.368  0.000  1.0  0.434  N   -1  0.122  (754,805,1201,1402)
  51  0.238  0.941  0.699  0.704  0.529  0.070  0.000  1.0  0.350  Y   -1  0.160  (684,404,1195,1086)
  52  0.238  0.854  0.657  0.853  0.621  0.066  0.000  1.0  0.291  Y   -1  0.090  (415,549,798,1060)
  53  0.232  0.639  0.846  0.819  0.924  0.523  0.000  1.0  0.521  Y   -1  0.160  (706,899,1217,1581)
  54  0.225  0.077  0.284  0.881  0.838  1.000  0.256  0.0  0.912  N    1  0.122  (162,1109,609,1706)
  55  0.222  0.545  0.859  0.731  0.967  0.316  0.000  1.0  0.345  N   -1  0.090  (889,849,1272,1360)
  56  0.218  0.554  0.878  0.712  0.975  0.425  0.000  1.0  0.430  N   -1  0.122  (743,869,1190,1466)
  57  0.215  1.000  0.543  0.815  0.436  0.057  0.000  1.0  0.309  Y   -1  0.160  (313,379,824,1061)
  58  0.215  0.825  0.732  0.739  0.572  0.068  0.000  1.0  0.327  Y   -1  0.122  (577,466,1024,1063)
  59  0.207  0.877  0.638  0.790  0.519  0.063  0.000  1.0  0.333  Y   -1  0.122  (400,462,847,1059)
  60  0.199  0.863  0.667  0.703  0.524  0.067  0.000  1.0  0.337  Y   -1  0.160  (543,393,1054,1075)
  61  0.197  0.620  0.680  0.812  0.935  0.490  0.000  1.0  0.492  Y   -1  0.122  (832,971,1279,1568)
  62  0.189  0.526  0.791  0.686  0.979  0.417  0.000  1.0  0.343  N   -1  0.090  (823,967,1206,1478)
  63  0.186  0.441  0.881  0.770  0.955  0.306  0.000  1.0  0.304  N   -1  0.062  (691,913,1010,1339)
  64  0.183  0.122  0.345  0.884  0.671  1.000  0.311  0.0  0.913  N    1  0.160  (72,1024,583,1706)
  65  0.175  0.783  0.750  0.667  0.507  0.068  0.000  1.0  0.296  Y   -1  0.122  (728,462,1175,1059)
  66  0.168  0.843  0.594  0.725  0.485  0.061  0.000  1.0  0.333  Y   -1  0.160  (400,385,911,1067)
  67  0.164  0.394  0.880  0.709  0.976  0.330  0.000  1.0  0.289  N   -1  0.062  (783,947,1102,1373)
  68  0.151  0.516  0.741  0.898  0.873  0.550  0.000  1.0  0.519  Y   -1  0.160  (759,948,1270,1630)
  69  0.148  0.488  0.660  0.706  0.977  0.431  0.000  1.0  0.331  N   -1  0.090  (892,998,1275,1509)
  70  0.147  0.282  0.251  0.999  0.612  1.000  0.500  0.0  0.336  N    1  0.122  (0,1107,447,1704)
  71  0.146  0.793  0.630  0.646  0.486  0.071  0.000  1.0  0.305  Y   -1  0.250  (622,230,1261,1083)
  72  0.145  0.398  0.826  0.746  0.964  0.432  0.000  1.0  0.351  N   -1  0.090  (737,992,1120,1503)
  73  0.143  0.894  0.533  0.708  0.379  0.057  0.000  1.0  0.296  Y   -1  0.250  (375,213,1014,1066)
  74  0.140  0.873  0.477  0.759  0.418  0.054  0.000  1.0  0.329  Y   -1  0.160  (157,393,668,1075)
  75  0.139  0.462  0.720  0.813  0.930  0.502  0.000  1.0  0.503  Y   -1  0.122  (763,996,1210,1593)
  76  0.139  0.062  0.277  0.873  0.889  1.000  0.489  0.0  0.453  N    1  0.090  (193,1195,576,1706)
  77  0.135  0.088  0.368  0.872  0.632  1.000  0.377  0.0  0.799  N    1  0.160  (58,1009,569,1691)
  78  0.133  0.044  0.266  0.656  0.988  1.000  0.500  0.0  0.544  N    1  0.062  (178,1280,497,1706)
  79  0.131  0.504  0.674  0.862  0.886  0.574  0.000  1.0  0.529  Y   -1  0.160  (706,995,1217,1677)
  80  0.130  0.086  0.271  0.937  0.824  1.000  0.500  0.0  0.427  N    1  0.090  (78,1195,461,1706)
  81  0.126  0.084  0.270  0.941  0.815  1.000  0.500  0.0  0.370  N    1  0.090  (73,1195,456,1706)
  82  0.120  0.030  0.279  0.828  0.899  1.000  0.500  0.0  0.829  N    1  0.090  (136,1195,519,1706)
  83  0.120  0.873  0.476  0.737  0.357  0.052  0.000  1.0  0.294  Y   -1  0.250  (250,213,889,1066)
  84  0.110  0.515  0.557  0.900  0.871  0.582  0.000  1.0  0.525  Y   -1  0.160  (761,1024,1272,1706)
  85  0.107  0.462  0.531  0.803  0.933  0.442  0.000  1.0  0.322  N   -1  0.090  (896,1092,1279,1603)
  86  0.106  0.853  0.415  0.756  0.371  0.055  0.000  1.0  0.325  Y   -1  0.250  (103,234,742,1087)
  87  0.103  0.000  0.281  0.907  0.855  1.000  0.500  0.0  0.702  N    1  0.090  (173,1195,556,1706)
  88  0.100  0.505  0.492  0.876  0.877  0.514  0.000  1.0  0.491  Y   -1  0.122  (832,1085,1279,1682)
  89  0.092  0.498  0.469  0.900  0.840  0.429  0.000  1.0  0.312  N   -1  0.090  (896,1195,1279,1706)
  90  0.081  0.470  0.490  0.916  0.819  0.429  0.000  1.0  0.322  N   -1  0.090  (819,1191,1202,1702)
  91  0.077  0.388  0.546  0.840  0.910  0.440  0.000  1.0  0.330  N   -1  0.090  (824,1097,1207,1608)
  92  0.072  0.882  0.364  0.631  0.290  0.041  0.000  1.0  0.301  Y   -1  0.250  (0,229,639,1082)
  93  0.067  0.358  0.568  0.875  0.888  0.436  0.000  1.0  0.340  N   -1  0.090  (743,1106,1126,1617)
  94  0.066  0.062  0.276  0.808  0.659  1.000  0.480  0.0  0.819  N    1  0.122  (91,1097,538,1694)
  95  0.058  0.307  0.546  0.719  0.974  0.380  0.000  1.0  0.289  N   -1  0.062  (713,1043,1032,1469)
  96  0.052  0.398  0.510  0.891  0.844  0.510  0.000  1.0  0.498  Y   -1  0.122  (766,1109,1213,1706)
  97  0.048  0.146  0.326  0.730  0.504  1.000  0.500  0.0  0.904  N    1  0.160  (0,1024,511,1706)
  98  0.042  0.387  0.479  0.924  0.808  0.428  0.000  1.0  0.334  N   -1  0.090  (723,1195,1106,1706)
  99  0.025  0.714  0.407  0.615  0.339  0.049  0.000  1.0  0.354  Y   -1  0.160  (91,405,602,1087)
 100  -0.159  0.882  0.506  0.755  0.195  0.470  0.500  1.0  0.298  Y    0  0.360  (255,258,1022,1281)
