图片: 12
候选框数量: 100
权重: W_AES=0.4 W_CONTENT=0.2 W_THIRDS=0.1 W_CENTER=0.3 W_DEP=-0.1 W_CLIP_PEN=0.4 W_MISSING_PEN=-0.5

排名  final   aes    con    3rd    ctr    dep    pen    msg    rule   L  i    area   box
   1  0.750  0.883  0.481  0.819  0.931  0.605  0.000  0.0  0.568  Y   -1  0.250  (595,1106,2627,2630)
   2  0.711  0.796  0.458  0.768  0.956  0.629  0.000  0.0  0.549  Y   -1  0.250  (218,1131,2250,2655)
   3  0.705  0.888  0.475  0.869  0.669  0.327  0.000  0.0  0.587  Y   -1  0.250  (380,880,2412,2404)
   4  0.700  0.773  0.455  0.822  0.927  0.609  0.000  0.0  0.542  Y   -1  0.250  (0,1118,2032,2642)
   5  0.674  0.867  0.491  0.787  0.591  0.268  0.000  0.0  0.544  Y   -1  0.250  (616,825,2648,2349)
   6  0.664  0.866  0.528  0.968  0.493  0.334  0.000  0.0  0.577  Y   -1  0.250  (852,850,2884,2374)
   7  0.661  0.927  0.487  0.942  0.412  0.248  0.000  0.0  0.482  Y   -1  0.360  (446,479,2884,2307)
   8  0.654  1.000  0.478  0.588  0.365  0.096  0.000  0.0  0.355  Y   -1  0.250  (312,652,2344,2176)
   9  0.652  0.768  0.466  0.899  0.641  0.309  0.000  0.0  0.561  Y   -1  0.250  (0,869,2032,2393)
  10  0.650  0.859  0.553  0.978  0.504  0.530  0.000  0.0  0.592  Y   -1  0.250  (934,1028,2966,2552)
  11  0.649  0.883  0.599  0.902  0.510  0.675  0.000  0.0  0.574  Y   -1  0.250  (1120,1149,3152,2673)
  12  0.647  0.675  0.113  0.545  1.000  0.000  0.000  0.0  0.051  Y   -1  0.250  (282,59,2314,1583)
  13  0.636  0.910  0.525  0.603  0.382  0.078  0.000  0.0  0.332  Y   -1  0.160  (932,917,2557,2136)
  14  0.635  0.786  0.540  0.969  0.472  0.255  0.000  0.0  0.452  Y   -1  0.250  (927,720,2959,2244)
  15  0.634  0.859  0.506  0.648  0.453  0.111  0.000  0.0  0.375  Y   -1  0.160  (440,964,2065,2183)
  16  0.634  0.759  0.580  0.964  0.496  0.310  0.000  0.0  0.286  Y   -1  0.160  (1455,883,3080,2102)
  17  0.626  0.794  0.572  0.939  0.404  0.206  0.000  0.0  0.327  Y   -1  0.160  (1219,905,2844,2124)
  18  0.624  0.619  0.111  0.545  1.000  0.000  0.000  0.0  0.061  Y   -1  0.250  (317,210,2349,1734)
  19  0.622  0.836  0.522  0.607  0.442  0.103  0.000  0.0  0.371  Y   -1  0.160  (791,951,2416,2170)
  20  0.622  0.879  0.504  0.742  0.360  0.128  0.000  0.0  0.347  Y   -1  0.250  (710,631,2742,2155)
  21  0.621  0.609  0.113  0.545  1.000  0.000  0.000  0.0  0.064  Y   -1  0.250  (652,25,2684,1549)
  22  0.620  0.605  0.117  0.545  1.000  0.000  0.000  0.0  0.050  Y   -1  0.250  (0,253,2032,1777)
  23  0.612  0.733  0.575  0.955  0.479  0.357  0.000  0.0  0.550  Y   -1  0.250  (1089,818,3121,2342)
  24  0.606  0.775  0.557  0.934  0.388  0.254  0.000  0.0  0.359  Y   -1  0.250  (1015,631,3047,2155)
  25  0.605  0.892  0.488  0.523  0.358  0.091  0.000  0.0  0.353  Y   -1  0.250  (482,644,2514,2168)
  26  0.604  0.713  0.580  0.947  0.466  0.316  0.000  0.0  0.433  Y   -1  0.250  (1137,703,3169,2227)
  27  0.597  0.892  0.475  0.622  0.299  0.066  0.000  0.0  0.295  Y   -1  0.250  (0,610,2032,2134)
  28  0.591  0.586  0.593  0.994  0.628  0.500  0.000  0.0  0.110  Y   -1  0.250  (1815,453,3847,1977)
  29  0.558  0.359  0.557  0.911  0.834  0.385  0.000  0.0  0.835  N    0  0.090  (2845,1712,4064,2626)
  30  0.557  0.765  0.484  0.865  0.299  0.223  0.000  0.0  0.173  Y   -1  0.250  (1015,479,3047,2003)
  31  0.552  0.770  0.502  0.594  0.300  0.053  0.000  0.0  0.253  Y   -1  0.160  (185,882,1810,2101)
  32  0.552  0.295  0.628  0.773  0.953  0.550  0.000  0.0  0.098  Y   -1  0.160  (2439,777,4064,1996)
  33  0.552  0.414  0.605  0.987  0.731  0.528  0.000  0.0  0.091  Y   -1  0.250  (2032,444,4064,1968)
  34  0.550  0.523  0.678  0.826  0.637  0.679  0.000  0.0  0.915  N    0  0.160  (2439,1618,4064,2837)
  35  0.547  0.615  0.567  0.934  0.411  0.288  0.000  0.0  0.145  Y   -1  0.160  (1462,784,3087,2003)
  36  0.544  0.678  0.657  0.717  0.506  0.826  0.000  0.0  0.928  N    0  0.250  (2032,1371,4064,2895)
  37  0.543  0.503  0.656  0.952  0.559  0.528  0.000  0.0  0.925  N    0  0.160  (2439,1427,4064,2646)
  38  0.533  0.673  0.502  0.874  0.316  0.184  0.000  0.0  0.155  Y   -1  0.160  (1219,784,2844,2003)
  39  0.531  0.711  0.504  0.652  0.287  0.054  0.000  0.0  0.243  Y   -1  0.160  (0,880,1625,2099)
  40  0.515  0.753  0.419  0.620  0.238  0.037  0.000  0.0  0.168  Y   -1  0.250  (0,507,2032,2031)
  41  0.506  0.194  0.542  0.822  0.927  0.403  0.000  0.0  0.759  N    0  0.062  (3048,1859,4064,2621)
  42  0.500  0.289  0.612  0.927  0.709  0.430  0.000  0.0  0.916  N    0  0.122  (2642,1597,4064,2663)
  43  0.494  0.737  0.629  0.768  0.276  0.584  0.070  0.0  0.884  N    0  0.250  (1983,1029,4015,2553)
  44  0.491  0.664  0.672  0.747  0.471  0.973  0.069  0.0  0.860  N    0  0.250  (1984,1524,4016,3048)
  45  0.491  0.333  0.561  0.980  0.572  0.240  0.000  0.0  0.844  N    0  0.090  (2845,1538,4064,2452)
  46  0.487  0.504  0.559  0.919  0.408  0.410  0.000  0.0  0.085  Y   -1  0.250  (1540,398,3572,1922)
  47  0.487  0.333  0.595  0.999  0.610  0.486  0.000  0.0  0.054  Y   -1  0.160  (1935,729,3560,1948)
  48  0.485  0.531  0.642  0.861  0.347  0.460  0.000  0.0  0.934  N    0  0.160  (2439,1248,4064,2467)
  49  0.480  0.673  0.446  0.456  0.267  0.040  0.000  0.0  0.145  Y   -1  0.160  (975,784,2600,2003)
  50  0.480  0.688  0.625  0.678  0.221  0.547  0.000  0.0  0.951  N    0  0.250  (2032,938,4064,2462)
  51  0.479  0.463  0.649  0.905  0.365  0.357  0.000  0.0  0.929  N    0  0.122  (2642,1348,4064,2414)
  52  0.477  0.639  0.475  0.783  0.279  0.356  0.000  0.0  0.125  Y   -1  0.360  (1178,62,3616,1890)
  53  0.475  0.737  0.379  0.428  0.216  0.032  0.000  0.0  0.130  Y   -1  0.250  (502,460,2534,1984)
  54  0.471  0.181  0.502  0.964  0.744  0.220  0.000  0.0  0.768  N    0  0.062  (3048,1680,4064,2442)
  55  0.469  0.687  0.447  0.683  0.235  0.344  0.000  0.0  0.075  Y   -1  0.250  (1457,291,3489,1815)
  56  0.463  0.664  0.379  0.601  0.215  0.031  0.000  0.0  0.085  Y   -1  0.160  (32,768,1657,1987)
  57  0.460  0.402  0.585  0.930  0.431  0.398  0.000  0.0  0.062  Y   -1  0.160  (1717,718,3342,1937)
  58  0.438  0.614  0.651  0.874  0.458  0.588  0.260  0.0  0.695  N    0  0.160  (2260,1448,3885,2667)
  59  0.436  0.636  0.419  0.660  0.214  0.323  0.000  0.0  0.048  Y   -1  0.250  (1753,0,3785,1524)
  60  0.435  0.689  0.298  0.478  0.178  0.021  0.000  0.0  0.079  Y   -1  0.250  (231,424,2263,1948)
  61  0.431  0.725  0.315  0.524  0.138  0.154  0.000  0.0  0.079  Y   -1  0.160  (1219,662,2844,1881)
  62  0.430  0.641  0.349  0.454  0.201  0.025  0.000  0.0  0.061  Y   -1  0.160  (559,736,2184,1955)
  63  0.428  0.660  0.296  0.544  0.176  0.019  0.000  0.0  0.046  Y   -1  0.160  (303,723,1928,1942)
  64  0.427  0.334  0.683  0.973  0.570  0.708  0.102  0.0  0.815  N    0  0.122  (2571,1814,3993,2880)
  65  0.426  0.338  0.586  0.925  0.420  0.446  0.000  0.0  0.049  Y   -1  0.250  (1936,153,3968,1677)
  66  0.424  0.656  0.316  0.450  0.186  0.023  0.000  0.0  0.063  Y   -1  0.160  (738,713,2363,1932)
  67  0.423  0.435  0.704  0.945  0.440  0.917  0.066  0.0  0.846  N    0  0.160  (2393,1829,4018,3048)
  68  0.423  0.666  0.362  0.565  0.169  0.231  0.000  0.0  0.140  Y   -1  0.360  (812,62,3250,1890)
  69  0.417  0.647  0.341  0.608  0.161  0.192  0.000  0.0  0.101  Y   -1  0.250  (1015,366,3047,1890)
  70  0.412  0.713  0.264  0.511  0.115  0.117  0.000  0.0  0.125  Y   -1  0.360  (446,62,2884,1890)
  71  0.411  0.237  0.642  0.979  0.527  0.681  0.000  0.0  0.809  N    0  0.090  (2820,1952,4039,2866)
  72  0.411  0.066  0.530  0.877  0.841  0.362  0.063  0.0  0.640  N    0  0.040  (3225,1980,4037,2589)
  73  0.407  0.440  0.492  0.801  0.307  0.392  0.000  0.0  0.058  Y   -1  0.250  (1732,166,3764,1690)
  74  0.404  0.496  0.639  0.698  0.188  0.481  0.000  0.0  0.930  N    0  0.160  (2416,1114,4041,2333)
  75  0.394  0.361  0.706  0.899  0.355  0.879  0.000  0.0  0.896  N    0  0.122  (2642,1982,4064,3048)
  76  0.392  0.531  0.671  0.700  0.504  0.722  0.259  0.0  0.688  N    0  0.160  (2261,1623,3886,2842)
  77  0.377  0.000  0.450  0.893  0.818  0.223  0.064  0.0  0.647  N    0  0.040  (3252,1794,4064,2403)
  78  0.375  0.451  0.660  0.828  0.519  0.499  0.314  0.0  0.641  N    0  0.122  (2426,1576,3848,2642)
  79  0.358  0.598  0.119  0.592  0.120  0.000  0.000  0.0  0.065  Y   -1  0.160  (1015,578,2640,1797)
  80  0.336  0.654  0.196  0.283  0.064  0.129  0.000  0.0  0.070  Y   -1  0.250  (1226,28,3258,1552)
  81  0.323  0.695  0.116  0.150  0.029  0.015  0.000  0.0  0.075  Y   -1  0.250  (932,19,2964,1543)
  82  0.321  0.465  0.351  0.486  0.140  0.261  0.000  0.0  0.076  Y   -1  0.250  (1320,214,3352,1738)
  83  0.313  0.187  0.627  0.901  0.703  0.378  0.376  0.0  0.429  N    0  0.062  (2790,1848,3806,2610)
  84  0.312  0.577  0.229  0.287  0.067  0.137  0.000  0.0  0.088  Y   -1  0.250  (1015,214,3047,1738)
  85  0.306  0.474  0.641  0.754  0.272  0.454  0.307  0.0  0.660  N    0  0.122  (2431,1345,3853,2411)
  86  0.306  0.227  0.583  0.980  0.533  0.199  0.348  0.0  0.463  N    0  0.062  (2809,1661,3825,2423)
  87  0.305  0.625  0.170  0.178  0.037  0.082  0.000  0.0  0.079  Y   -1  0.250  (796,200,2828,1724)
  88  0.305  0.623  0.132  0.214  0.041  0.047  0.000  0.0  0.080  Y   -1  0.250  (1015,61,3047,1585)
  89  0.300  0.567  0.634  0.758  0.259  0.528  0.386  0.0  0.594  N    0  0.160  (2174,1268,3799,2487)
  90  0.295  0.316  0.704  0.907  0.417  0.687  0.298  0.0  0.560  N    0  0.090  (2640,1953,3859,2867)
  91  0.286  0.608  0.110  0.132  0.025  0.000  0.000  0.0  0.074  Y   -1  0.250  (621,234,2653,1758)
  92  0.286  0.446  0.686  0.907  0.379  0.881  0.364  0.0  0.587  N    0  0.160  (2189,1771,3814,2990)
  93  0.285  0.363  0.340  0.527  0.150  0.264  0.000  0.0  0.061  Y   -1  0.250  (1521,62,3553,1586)
  94  0.284  0.134  0.614  0.991  0.665  0.375  0.383  0.0  0.358  N    0  0.040  (2989,2001,3801,2610)
  95  0.274  0.269  0.684  0.869  0.490  0.691  0.338  0.0  0.610  N    0  0.122  (2410,1772,3832,2838)
  96  0.260  0.231  0.586  0.719  0.349  0.640  0.157  0.0  0.604  N    0  0.062  (3048,2100,4064,2862)
  97  0.235  0.269  0.623  0.819  0.242  0.323  0.298  0.0  0.585  N    0  0.090  (2819,1354,4038,2268)
  98  0.235  0.080  0.549  0.964  0.566  0.175  0.389  0.0  0.366  N    0  0.040  (2985,1751,3797,2360)
  99  0.190  0.344  0.724  0.711  0.250  0.900  0.370  0.0  0.571  N    0  0.122  (2388,1982,3810,3048)
 100  0.137  0.186  0.685  0.810  0.230  0.835  0.354  0.0  0.494  N    0  0.090  (2816,2134,4035,3048)
