图片: 13
候选框数量: 100
权重: W_AES=0.4 W_CONTENT=0.2 W_THIRDS=0.1 W_CENTER=0.3 W_DEP=-0.1 W_CLIP_PEN=0.4 W_MISSING_PEN=-0.5

排名  final   aes    con    3rd    ctr    dep    pen    msg    rule   L  i    area   box
   1  0.875  1.000  1.000  0.834  0.900  0.788  0.000  0.0  0.955  N    0  0.360  (228,512,1251,1279)
   2  0.869  0.957  1.000  0.795  0.939  0.754  0.000  0.0  0.822  N    0  0.360  (74,512,1097,1279)
   3  0.855  0.943  1.000  0.830  0.910  0.779  0.000  0.0  0.940  N    0  0.360  (187,512,1210,1279)
   4  0.815  0.821  1.000  0.752  0.954  0.744  0.000  0.0  0.698  N    0  0.250  (492,622,1345,1261)
   5  0.814  0.821  1.000  0.772  0.945  0.748  0.000  0.0  0.793  N    0  0.250  (426,617,1279,1256)
   6  0.812  0.798  1.000  0.775  0.944  0.683  0.000  0.0  0.770  N    0  0.250  (239,558,1092,1197)
   7  0.812  0.863  0.998  0.858  0.869  0.797  0.000  0.0  0.861  N    0  0.360  (381,512,1404,1279)
   8  0.796  0.768  1.000  0.731  0.963  0.730  0.000  0.0  0.830  N    0  0.250  (253,616,1106,1255)
   9  0.789  0.730  1.000  0.795  0.934  0.630  0.000  0.0  0.520  N    0  0.160  (511,629,1193,1140)
  10  0.789  0.799  1.000  0.852  0.878  0.797  0.000  0.0  0.908  N    0  0.360  (341,512,1364,1279)
  11  0.788  0.752  1.000  0.742  0.958  0.741  0.000  0.0  0.864  N    0  0.250  (298,617,1151,1256)
  12  0.777  0.742  0.997  0.843  0.890  0.703  0.000  0.0  0.764  N    0  0.250  (426,553,1279,1192)
  13  0.777  0.817  0.942  0.901  0.813  0.716  0.000  0.0  0.881  N    0  0.360  (341,443,1364,1210)
  14  0.776  0.717  1.000  0.689  0.980  0.736  0.000  0.0  0.747  N    0  0.250  (185,640,1038,1279)
  15  0.775  0.729  1.000  0.835  0.900  0.702  0.000  0.0  0.806  N    0  0.250  (370,559,1223,1198)
  16  0.773  0.697  1.000  0.657  0.988  0.675  0.000  0.0  0.527  N    0  0.250  (8,609,861,1248)
  17  0.770  0.712  1.000  0.742  0.957  0.759  0.000  0.0  0.831  N    0  0.250  (392,635,1245,1274)
  18  0.767  0.700  1.000  0.723  0.966  0.755  0.000  0.0  0.863  N    0  0.250  (313,636,1166,1275)
  19  0.765  0.840  0.889  0.900  0.742  0.615  0.000  0.0  0.729  N    0  0.360  (187,366,1210,1133)
  20  0.761  0.736  0.991  0.860  0.873  0.798  0.000  0.0  0.698  N    0  0.360  (494,512,1517,1279)
  21  0.760  0.654  0.993  0.775  0.952  0.627  0.000  0.0  0.572  N    0  0.250  (126,523,979,1162)
  22  0.760  0.673  1.000  0.672  0.985  0.721  0.000  0.0  0.656  N    0  0.250  (108,639,961,1278)
  23  0.756  0.665  1.000  0.833  0.893  0.609  0.000  0.0  0.469  N    0  0.160  (431,595,1113,1106)
  24  0.755  0.647  1.000  0.771  0.944  0.633  0.000  0.0  0.402  N    0  0.160  (625,612,1307,1123)
  25  0.754  0.735  0.973  0.881  0.843  0.753  0.000  0.0  0.902  N    0  0.360  (341,476,1364,1243)
  26  0.749  0.654  1.000  0.751  0.955  0.738  0.000  0.0  0.614  N    0  0.250  (553,617,1406,1256)
  27  0.748  0.623  1.000  0.764  0.945  0.615  0.000  0.0  0.460  N    0  0.160  (314,601,996,1112)
  28  0.740  0.632  0.963  0.854  0.897  0.597  0.000  0.0  0.488  Y    0  0.250  (160,486,1013,1125)
  29  0.740  0.635  1.000  0.737  0.962  0.764  0.000  0.0  0.796  N    0  0.250  (426,640,1279,1279)
  30  0.733  0.592  1.000  0.630  0.993  0.642  0.000  0.0  0.639  N    0  0.160  (409,681,1091,1192)
  31  0.733  0.617  1.000  0.711  0.970  0.757  0.000  0.0  0.868  N    0  0.250  (298,640,1151,1279)
  32  0.732  0.656  0.949  0.895  0.842  0.625  0.000  0.0  0.624  N    0  0.250  (260,484,1113,1123)
  33  0.732  0.613  1.000  0.715  0.969  0.758  0.000  0.0  0.863  N    0  0.250  (313,640,1166,1279)
  34  0.719  0.601  0.975  0.847  0.884  0.662  0.000  0.0  0.501  N    0  0.250  (602,529,1455,1168)
  35  0.719  0.582  1.000  0.733  0.964  0.763  0.000  0.0  0.774  N    0  0.250  (441,640,1294,1279)
  36  0.718  0.561  0.999  0.580  0.999  0.633  0.000  0.0  0.665  N    0  0.160  (322,757,1004,1268)
  37  0.714  0.566  1.000  0.715  0.971  0.757  0.000  0.0  0.617  N    0  0.250  (553,640,1406,1279)
  38  0.713  0.608  0.971  0.873  0.848  0.661  0.000  0.0  0.636  N    0  0.250  (480,519,1333,1158)
  39  0.708  0.542  1.000  0.783  0.937  0.681  0.000  0.0  0.391  Y    0  0.250  (705,567,1558,1206)
  40  0.708  0.532  1.000  0.805  0.926  0.631  0.000  0.0  0.493  N    0  0.160  (540,623,1222,1134)
  41  0.706  0.521  1.000  0.656  0.988  0.637  0.000  0.0  0.457  Y    0  0.250  (0,567,853,1206)
  42  0.700  0.525  1.000  0.705  0.975  0.734  0.000  0.0  0.343  Y    0  0.250  (761,622,1614,1261)
  43  0.699  0.504  1.000  0.647  0.990  0.641  0.000  0.0  0.606  N    0  0.160  (511,681,1193,1192)
  44  0.693  0.493  1.000  0.613  0.996  0.646  0.000  0.0  0.642  N    0  0.160  (303,702,985,1213)
  45  0.688  0.641  0.910  0.883  0.737  0.598  0.000  0.0  0.579  N    0  0.250  (372,455,1225,1094)
  46  0.684  0.583  0.946  0.896  0.791  0.651  0.000  0.0  0.649  N    0  0.250  (426,494,1279,1133)
  47  0.681  0.458  1.000  0.642  0.992  0.640  0.000  0.0  0.448  N    0  0.160  (127,750,809,1261)
  48  0.680  0.483  1.000  0.712  0.973  0.755  0.000  0.0  0.578  N    0  0.250  (582,640,1435,1279)
  49  0.679  0.519  0.970  0.909  0.816  0.578  0.000  0.0  0.362  N    0  0.160  (518,552,1200,1063)
  50  0.677  0.451  1.000  0.634  0.993  0.647  0.000  0.0  0.513  N    0  0.160  (613,681,1295,1192)
  51  0.676  0.445  1.000  0.640  0.992  0.638  0.000  0.0  0.554  N    0  0.160  (205,715,887,1226)
  52  0.674  0.448  1.000  0.601  0.997  0.644  0.000  0.0  0.648  N    0  0.160  (442,695,1124,1206)
  53  0.672  0.417  1.000  0.748  0.961  0.578  0.000  0.0  0.372  N    0  0.122  (530,653,1127,1100)
  54  0.669  0.652  0.883  0.849  0.695  0.624  0.000  0.0  0.733  N    0  0.360  (341,366,1364,1133)
  55  0.662  0.396  1.000  0.685  0.982  0.592  0.000  0.0  0.415  N    0  0.122  (428,676,1025,1123)
  56  0.659  0.390  1.000  0.686  0.982  0.602  0.000  0.0  0.346  N    0  0.122  (310,647,907,1094)
  57  0.658  0.565  0.887  0.897  0.743  0.580  0.000  0.0  0.480  Y    0  0.250  (298,430,1151,1069)
  58  0.656  0.399  1.000  0.603  0.997  0.633  0.000  0.0  0.664  N    0  0.160  (296,764,978,1275)
  59  0.653  0.397  1.000  0.580  0.999  0.638  0.000  0.0  0.662  N    0  0.160  (398,713,1080,1224)
  60  0.652  0.374  1.000  0.712  0.975  0.612  0.000  0.0  0.340  N    0  0.122  (650,659,1247,1106)
  61  0.652  0.384  1.000  0.605  0.996  0.615  0.000  0.0  0.369  N    0  0.160  (96,673,778,1184)
  62  0.648  0.487  0.946  0.896  0.787  0.623  0.000  0.0  0.511  Y    0  0.250  (497,486,1350,1125)
  63  0.639  0.343  1.000  0.610  0.996  0.581  0.000  0.0  0.535  N    0  0.122  (328,757,925,1204)
  64  0.635  0.348  1.000  0.604  0.997  0.638  0.000  0.0  0.637  N    0  0.160  (482,705,1164,1216)
  65  0.630  0.343  0.999  0.568  1.000  0.634  0.000  0.0  0.627  N    0  0.160  (511,732,1193,1243)
  66  0.628  0.327  1.000  0.638  0.993  0.638  0.000  0.0  0.589  N    0  0.160  (223,764,905,1275)
  67  0.625  0.539  0.874  0.837  0.697  0.580  0.000  0.0  0.473  Y    0  0.250  (426,430,1279,1069)
  68  0.622  0.294  1.000  0.632  0.993  0.573  0.000  0.0  0.454  N    0  0.122  (227,828,824,1275)
  69  0.620  0.539  0.840  0.859  0.679  0.530  0.000  0.0  0.387  Y    0  0.250  (282,386,1135,1025)
  70  0.618  0.320  0.986  0.564  1.000  0.631  0.000  0.0  0.634  N    0  0.160  (511,768,1193,1279)
  71  0.618  0.290  1.000  0.641  0.992  0.601  0.000  0.0  0.374  N    0  0.122  (194,729,791,1176)
  72  0.615  0.295  1.000  0.640  0.992  0.647  0.000  0.0  0.481  N    0  0.160  (635,675,1317,1186)
  73  0.613  0.306  0.987  0.566  1.000  0.630  0.000  0.0  0.640  N    0  0.160  (501,764,1183,1275)
  74  0.610  0.297  0.987  0.563  1.000  0.629  0.000  0.0  0.648  N    0  0.160  (486,758,1168,1269)
  75  0.607  0.260  1.000  0.612  0.996  0.567  0.000  0.0  0.538  N    0  0.122  (438,754,1035,1201)
  76  0.603  0.270  1.000  0.599  0.997  0.645  0.000  0.0  0.425  N    0  0.160  (683,695,1365,1206)
  77  0.597  0.442  0.878  0.853  0.716  0.552  0.000  0.0  0.380  Y    0  0.250  (553,430,1406,1069)
  78  0.594  0.233  0.983  0.598  0.998  0.547  0.000  0.0  0.540  N    0  0.122  (307,832,904,1279)
  79  0.593  0.256  0.989  0.556  1.000  0.629  0.000  0.0  0.674  N    0  0.160  (398,768,1080,1279)
  80  0.593  0.390  0.900  0.879  0.753  0.570  0.000  0.0  0.397  Y    0  0.250  (574,451,1427,1090)
  81  0.590  0.249  0.990  0.556  1.000  0.629  0.000  0.0  0.674  N    0  0.160  (398,764,1080,1275)
  82  0.585  0.200  1.000  0.693  0.977  0.572  0.000  0.0  0.343  N    0  0.160  (187,593,869,1104)
  83  0.585  0.229  0.995  0.587  0.998  0.638  0.000  0.0  0.538  N    0  0.160  (613,768,1295,1279)
  84  0.584  0.236  0.989  0.550  1.000  0.630  0.000  0.0  0.674  N    0  0.160  (376,768,1058,1279)
  85  0.583  0.226  1.000  0.583  0.999  0.652  0.000  0.0  0.397  N    0  0.160  (718,768,1400,1279)
  86  0.576  0.186  1.000  0.597  0.998  0.575  0.000  0.0  0.522  N    0  0.122  (540,737,1137,1184)
  87  0.564  0.162  1.000  0.570  0.999  0.579  0.000  0.0  0.424  N    0  0.122  (686,766,1283,1213)
  88  0.559  0.388  0.876  0.836  0.681  0.599  0.000  0.0  0.555  Y    0  0.360  (494,366,1517,1133)
  89  0.555  0.118  0.993  0.566  1.000  0.477  0.000  0.0  0.351  N    0  0.090  (407,828,918,1211)
  90  0.554  0.473  0.810  0.772  0.596  0.530  0.000  0.0  0.527  Y    0  0.360  (341,289,1364,1056)
  91  0.550  0.149  0.988  0.556  1.000  0.628  0.000  0.0  0.674  N    0  0.160  (409,768,1091,1279)
  92  0.548  0.092  0.991  0.611  0.996  0.474  0.000  0.0  0.342  N    0  0.090  (547,803,1058,1186)
  93  0.544  0.091  0.988  0.562  1.000  0.460  0.000  0.0  0.343  N    0  0.090  (560,828,1071,1211)
  94  0.539  0.115  0.995  0.587  0.998  0.637  0.000  0.0  0.540  N    0  0.160  (611,768,1293,1279)
  95  0.525  0.067  0.968  0.581  0.999  0.533  0.000  0.0  0.535  N    0  0.122  (472,832,1069,1279)
  96  0.523  0.035  0.992  0.584  0.999  0.474  0.000  0.0  0.351  N    0  0.090  (433,825,944,1208)
  97  0.521  0.060  0.976  0.557  1.000  0.534  0.000  0.0  0.537  N    0  0.122  (560,814,1157,1261)
  98  0.521  0.053  0.968  0.631  0.993  0.551  0.000  0.0  0.439  N    0  0.122  (673,832,1270,1279)
  99  0.507  0.000  0.986  0.564  1.000  0.462  0.000  0.0  0.345  N    0  0.090  (484,828,995,1211)
 100  0.500  0.356  0.804  0.735  0.578  0.503  0.000  0.0  0.353  Y    0  0.250  (426,366,1279,1005)
