图片: 14
候选框数量: 100
权重: W_AES=0.4 W_CONTENT=0.2 W_THIRDS=0.1 W_CENTER=0.3 W_DEP=-0.1 W_CLIP_PEN=0.4 W_MISSING_PEN=-0.5

排名  final   aes    con    3rd    ctr    dep    pen    msg    rule   L  i    area   box
   1  0.328  0.646  0.754  0.602  0.317  0.671  0.423  0.0  0.936  N    0  0.360  (0,432,1152,1080)
   2  0.321  0.865  0.625  0.793  0.926  0.073  0.000  1.0  0.615  N    2  0.360  (278,261,1430,909)
   3  0.291  0.840  0.517  0.797  0.923  0.047  0.000  1.0  0.479  N    2  0.360  (278,132,1430,780)
   4  0.288  0.870  0.432  0.794  0.926  0.037  0.000  1.0  0.476  N    2  0.250  (374,196,1334,736)
   5  0.286  0.805  0.547  0.833  0.922  0.050  0.000  1.0  0.493  N    2  0.360  (383,169,1535,817)
   6  0.284  0.787  0.601  0.549  1.000  0.059  0.000  1.0  0.488  N    2  0.360  (278,196,1430,844)
   7  0.280  0.831  0.569  0.882  0.835  0.053  0.000  1.0  0.491  N    2  0.360  (451,196,1603,844)
   8  0.271  0.794  0.472  0.736  0.965  0.039  0.000  1.0  0.488  N    2  0.250  (417,224,1377,764)
   9  0.261  0.760  0.530  0.550  1.000  0.044  0.000  1.0  0.488  N    2  0.250  (374,250,1334,790)
  10  0.256  0.534  0.746  0.648  0.349  0.760  0.500  0.0  0.913  N    0  0.250  (0,533,960,1073)
  11  0.249  0.507  0.742  0.658  0.364  0.772  0.500  0.0  0.920  N    0  0.250  (0,540,960,1080)
  12  0.246  0.777  0.435  0.898  0.874  0.036  0.000  1.0  0.491  N    2  0.250  (479,213,1439,753)
  13  0.238  0.726  0.566  0.883  0.835  0.049  0.000  1.0  0.476  N    2  0.250  (230,250,1190,790)
  14  0.229  0.640  0.598  0.779  0.937  0.053  0.000  1.0  0.477  N    2  0.250  (374,304,1334,844)
  15  0.221  0.644  0.631  0.938  0.829  0.060  0.000  1.0  0.489  N    2  0.250  (296,327,1256,867)
  16  0.220  0.715  0.486  0.934  0.828  0.045  0.000  1.0  0.469  N    2  0.360  (210,105,1362,753)
  17  0.207  0.429  0.644  0.723  0.410  0.887  0.500  0.0  0.831  N    0  0.160  (0,638,768,1070)
  18  0.206  0.599  0.576  0.842  0.908  0.049  0.000  1.0  0.486  N    2  0.250  (448,297,1408,837)
  19  0.204  0.716  0.433  0.960  0.797  0.039  0.000  1.0  0.483  N    2  0.360  (383,105,1535,753)
  20  0.202  0.669  0.499  0.882  0.836  0.039  0.000  1.0  0.494  N    2  0.250  (518,250,1478,790)
  21  0.201  0.879  0.341  0.959  0.796  0.033  0.124  1.0  0.371  N    2  0.250  (479,159,1439,699)
  22  0.195  0.416  0.648  0.706  0.383  0.867  0.500  0.0  0.709  N    0  0.160  (0,627,768,1059)
  23  0.188  0.631  0.411  0.568  1.000  0.029  0.000  1.0  0.475  N    2  0.160  (470,304,1238,736)
  24  0.186  0.782  0.644  0.953  0.605  0.067  0.064  1.0  0.432  N    2  0.250  (159,326,1119,866)
  25  0.180  0.769  0.385  0.901  0.862  0.035  0.124  1.0  0.359  N    2  0.250  (335,159,1295,699)
  26  0.176  0.330  0.643  0.740  0.438  0.904  0.500  0.0  0.904  N    0  0.160  (0,648,768,1080)
  27  0.163  0.558  0.586  0.976  0.765  0.050  0.000  1.0  0.479  N    2  0.250  (516,316,1476,856)
  28  0.151  0.630  0.632  0.916  0.752  0.064  0.095  1.0  0.545  N    2  0.250  (410,367,1370,907)
  29  0.151  1.000  0.291  0.911  0.733  0.032  0.287  1.0  0.209  N    2  0.250  (416,96,1376,636)
  30  0.143  0.675  0.351  0.699  0.979  0.030  0.145  1.0  0.352  N    2  0.160  (491,261,1259,693)
  31  0.143  0.969  0.286  0.976  0.703  0.032  0.269  1.0  0.232  N    2  0.250  (479,105,1439,645)
  32  0.132  0.835  0.320  0.950  0.683  0.033  0.158  1.0  0.331  N    2  0.360  (383,40,1535,688)
  33  0.123  0.819  0.331  0.949  0.599  0.033  0.105  1.0  0.381  N    2  0.250  (595,174,1555,714)
  34  0.109  0.746  0.317  0.830  0.915  0.031  0.269  1.0  0.231  N    2  0.160  (460,213,1228,645)
  35  0.107  0.501  0.449  0.887  0.847  0.032  0.058  1.0  0.456  N    2  0.160  (355,304,1123,736)
  36  0.091  0.654  0.381  0.962  0.537  0.036  0.000  1.0  0.467  N    2  0.360  (556,105,1708,753)
  37  0.088  0.618  0.328  0.908  0.859  0.030  0.175  1.0  0.331  N    2  0.160  (575,256,1343,688)
  38  0.086  0.779  0.566  0.883  0.490  0.046  0.173  1.0  0.323  N    2  0.250  (673,319,1633,859)
  39  0.086  0.375  0.461  0.712  0.976  0.029  0.045  1.0  0.473  N    2  0.160  (489,335,1257,767)
  40  0.084  0.755  0.306  0.948  0.812  0.031  0.285  1.0  0.225  N    2  0.160  (575,213,1343,645)
  41  0.079  0.782  0.318  0.923  0.824  0.031  0.334  1.0  0.165  N    2  0.160  (447,181,1215,613)
  42  0.078  0.426  0.539  0.864  0.886  0.036  0.122  1.0  0.372  N    2  0.160  (456,377,1224,809)
  43  0.067  0.743  0.312  0.951  0.811  0.031  0.319  1.0  0.188  N    2  0.160  (539,189,1307,621)
  44  0.064  0.427  0.382  0.742  0.966  0.022  0.112  1.0  0.385  N    2  0.122  (477,347,1149,725)
  45  0.062  0.420  0.520  0.956  0.787  0.037  0.094  1.0  0.392  N    2  0.160  (339,345,1107,777)
  46  0.059  0.815  0.323  0.992  0.708  0.032  0.350  1.0  0.144  N    2  0.160  (352,187,1120,619)
  47  0.055  0.754  0.338  0.869  0.852  0.031  0.384  1.0  0.123  N    2  0.122  (521,212,1193,590)
  48  0.054  0.006  0.629  0.790  0.484  0.981  0.500  0.0  0.892  N    3  0.122  (0,700,672,1078)
  49  0.042  0.576  0.321  0.741  0.965  0.028  0.282  1.0  0.221  N    2  0.122  (498,263,1170,641)
  50  0.042  0.468  0.424  0.939  0.789  0.032  0.144  1.0  0.343  N    2  0.160  (331,277,1099,709)
  51  0.038  0.355  0.382  0.882  0.852  0.027  0.054  1.0  0.475  N    2  0.160  (585,304,1353,736)
  52  0.033  0.786  0.314  0.992  0.701  0.031  0.376  1.0  0.137  N    2  0.160  (575,169,1343,601)
  53  0.014  0.857  0.299  0.902  0.577  0.031  0.371  1.0  0.116  N    2  0.250  (281,56,1241,596)
  54  -0.004  0.638  0.547  0.771  0.590  0.041  0.297  1.0  0.201  N    2  0.160  (222,327,990,759)
  55  -0.008  0.508  0.300  0.595  0.998  0.020  0.320  1.0  0.119  N    2  0.090  (566,326,1142,650)
  56  -0.017  0.453  0.310  0.861  0.896  0.026  0.281  1.0  0.235  N    2  0.122  (611,283,1283,661)
  57  -0.035  0.484  0.617  0.940  0.591  0.050  0.295  1.0  0.198  N    2  0.160  (265,389,1033,821)
  58  -0.040  0.626  0.409  0.877  0.608  0.033  0.347  1.0  0.147  N    2  0.160  (253,244,1021,676)
  59  -0.044  0.471  0.313  0.816  0.916  0.021  0.372  1.0  0.066  N    2  0.090  (491,328,1067,652)
  60  -0.044  0.616  0.665  0.969  0.626  0.077  0.500  1.0  0.537  N    2  0.250  (253,385,1213,925)
  61  -0.045  0.348  0.422  0.899  0.779  0.026  0.224  1.0  0.275  N    2  0.122  (375,342,1047,720)
  62  -0.046  0.559  0.346  0.937  0.749  0.029  0.386  1.0  0.118  N    2  0.122  (369,271,1041,649)
  63  -0.052  0.394  0.367  0.838  0.677  0.028  0.167  1.0  0.338  N    2  0.160  (670,305,1438,737)
  64  -0.052  0.694  0.354  0.786  0.423  0.033  0.257  1.0  0.237  N    2  0.250  (729,207,1689,747)
  65  -0.054  0.280  0.526  0.904  0.868  0.032  0.296  1.0  0.209  N    2  0.122  (468,420,1140,798)
  66  -0.060  0.260  0.561  0.984  0.741  0.037  0.234  1.0  0.276  N    2  0.160  (571,404,1339,836)
  67  -0.062  0.325  0.614  0.995  0.660  0.051  0.269  1.0  0.223  N    2  0.160  (324,407,1092,839)
  68  -0.065  0.236  0.370  0.926  0.824  0.019  0.180  1.0  0.334  N    2  0.122  (643,364,1315,742)
  69  -0.068  0.724  0.277  0.968  0.480  0.029  0.377  1.0  0.121  N    2  0.250  (555,56,1515,596)
  70  -0.074  0.369  0.285  0.845  0.914  0.015  0.339  1.0  0.114  N    2  0.090  (652,358,1228,682)
  71  -0.074  0.320  0.290  0.717  0.973  0.016  0.305  1.0  0.139  N    2  0.090  (611,347,1187,671)
  72  -0.075  0.628  0.295  0.849  0.582  0.029  0.354  1.0  0.157  N    2  0.160  (705,245,1473,677)
  73  -0.088  0.336  0.516  0.976  0.764  0.026  0.373  1.0  0.151  N    2  0.122  (627,428,1299,806)
  74  -0.090  0.316  0.523  0.965  0.630  0.031  0.259  1.0  0.250  N    2  0.160  (657,386,1425,818)
  75  -0.097  0.231  0.299  0.681  0.983  0.015  0.277  1.0  0.162  N    2  0.090  (566,358,1142,682)
  76  -0.103  0.297  0.329  0.867  0.891  0.017  0.349  1.0  0.090  N    2  0.090  (479,358,1055,682)
  77  -0.104  0.497  0.637  0.974  0.597  0.068  0.500  1.0  0.551  N    2  0.250  (507,395,1467,935)
  78  -0.107  0.646  0.722  0.494  0.322  0.170  0.345  1.0  0.732  Y    2  0.360  (491,432,1643,1080)
  79  -0.109  0.422  0.611  0.930  0.402  0.059  0.269  1.0  0.415  N    2  0.250  (676,380,1636,920)
  80  -0.124  0.676  0.273  0.883  0.381  0.031  0.373  1.0  0.124  N    2  0.250  (733,154,1693,694)
  81  -0.125  0.613  0.710  0.514  0.321  0.160  0.359  1.0  0.724  Y    2  0.360  (556,432,1708,1080)
  82  -0.126  0.592  0.748  0.494  0.322  0.199  0.345  1.0  0.736  Y    2  0.360  (318,432,1470,1080)
  83  -0.139  0.560  0.738  0.494  0.322  0.188  0.345  1.0  0.741  Y    2  0.360  (383,432,1535,1080)
  84  -0.143  0.546  0.762  0.494  0.322  0.216  0.345  1.0  0.727  Y    2  0.360  (210,432,1362,1080)
  85  -0.149  0.546  0.738  0.491  0.317  0.187  0.351  1.0  0.747  Y    2  0.360  (383,430,1535,1078)
  86  -0.149  0.107  0.369  0.737  0.965  0.014  0.319  1.0  0.124  N    2  0.090  (603,420,1179,744)
  87  -0.150  0.224  0.547  0.945  0.687  0.037  0.364  1.0  0.139  N    2  0.122  (350,406,1022,784)
  88  -0.162  0.614  0.728  0.524  0.371  0.173  0.500  1.0  0.625  Y    1  0.250  (542,540,1502,1080)
  89  -0.165  0.641  0.743  0.498  0.328  0.185  0.500  1.0  0.557  Y    1  0.250  (371,518,1331,1058)
  90  -0.165  0.095  0.401  0.862  0.897  0.018  0.343  1.0  0.093  N    2  0.090  (484,417,1060,741)
  91  -0.170  0.594  0.741  0.524  0.371  0.196  0.500  1.0  0.625  Y    1  0.250  (414,540,1374,1080)
  92  -0.172  0.574  0.687  0.660  0.364  0.136  0.500  1.0  0.550  Y    1  0.250  (828,540,1788,1080)
  93  -0.179  0.263  0.331  0.841  0.669  0.023  0.332  1.0  0.191  N    2  0.122  (721,346,1393,724)
  94  -0.180  0.000  0.330  0.680  0.981  0.013  0.267  1.0  0.173  N    2  0.090  (566,391,1142,715)
  95  -0.182  0.556  0.768  0.524  0.371  0.222  0.500  1.0  0.528  Y    1  0.250  (270,540,1230,1080)
  96  -0.189  0.549  0.719  0.524  0.371  0.161  0.500  1.0  0.618  Y    1  0.250  (623,540,1583,1080)
  97  -0.192  0.541  0.732  0.524  0.371  0.184  0.500  1.0  0.630  Y    1  0.250  (479,540,1439,1080)
  98  -0.194  0.530  0.757  0.524  0.371  0.211  0.500  1.0  0.618  Y    1  0.250  (335,540,1295,1080)
  99  -0.205  0.507  0.726  0.524  0.371  0.170  0.500  1.0  0.624  Y    1  0.250  (558,540,1518,1080)
 100  -0.249  0.429  0.699  0.507  0.343  0.138  0.500  1.0  0.572  Y    1  0.250  (701,526,1661,1066)
