图片: 15
候选框数量: 100
权重: W_AES=0.4 W_CONTENT=0.2 W_THIRDS=0.1 W_CENTER=0.3 W_DEP=-0.1 W_CLIP_PEN=0.4 W_MISSING_PEN=-0.5

排名  final   aes    con    3rd    ctr    dep    pen    msg    rule   L  i    area   box
   1  0.425  0.828  0.461  0.853  0.721  1.000  0.500  0.0  0.132  N    1  0.360  (1626,0,4064,1828)
   2  0.421  0.818  0.461  0.854  0.721  1.000  0.500  0.0  0.132  N    1  0.360  (1626,18,4064,1846)
   3  0.417  0.809  0.461  0.853  0.721  1.000  0.500  0.0  0.133  N    1  0.360  (1626,7,4064,1835)
   4  0.390  0.772  0.456  0.991  0.637  1.000  0.500  0.0  0.030  N    1  0.360  (1626,189,4064,2017)
   5  0.345  0.656  0.456  0.991  0.642  1.000  0.500  0.0  0.024  N    1  0.360  (1626,200,4064,2028)
   6  0.065  1.000  0.091  0.713  0.975  0.170  0.500  1.0  0.000  N    5  0.040  (31,2199,843,2808)
   7  0.056  0.805  0.572  0.913  0.851  0.271  0.500  1.0  0.000  N    3  0.040  (580,2014,1392,2623)
   8  0.052  0.794  0.575  0.805  0.918  0.367  0.500  1.0  0.000  N    0  0.040  (905,1989,1717,2598)
   9  0.048  0.743  0.573  0.738  0.966  0.271  0.500  1.0  0.000  N    5  0.040  (588,2192,1400,2801)
  10  0.036  0.783  0.446  0.548  1.000  0.209  0.500  1.0  0.000  N    4  0.040  (1444,1577,2256,2186)
  11  0.033  0.811  0.423  0.548  1.000  0.308  0.500  1.0  0.000  N    4  0.040  (1753,1994,2565,2603)
  12  0.033  0.803  0.364  0.548  1.000  0.160  0.500  1.0  0.000  N    4  0.040  (1214,1356,2026,1965)
  13  0.030  0.793  0.342  0.548  1.000  0.106  0.500  1.0  0.000  N    4  0.040  (1501,1305,2313,1914)
  14  0.024  0.973  0.184  0.932  0.744  0.186  0.500  1.0  0.000  N    5  0.040  (299,2225,1111,2834)
  15  0.021  0.727  0.577  0.833  0.893  0.368  0.500  1.0  0.000  N    0  0.040  (880,2246,1692,2855)
  16  0.019  0.743  0.464  0.548  1.000  0.261  0.500  1.0  0.000  N    4  0.040  (1776,1529,2588,2138)
  17  0.012  0.656  0.563  0.730  0.966  0.254  0.500  1.0  0.000  N    5  0.040  (580,2439,1392,3048)
  18  0.010  0.745  0.332  0.548  1.000  0.097  0.500  1.0  0.000  N    4  0.040  (1455,1110,2267,1719)
  19  0.008  0.738  0.388  0.548  1.000  0.196  0.500  1.0  0.000  N    4  0.040  (1767,1349,2579,1958)
  20  0.005  0.728  0.430  0.548  1.000  0.272  0.500  1.0  0.000  N    4  0.040  (1518,1975,2330,2584)
  21  0.001  0.734  0.380  0.548  1.000  0.235  0.500  1.0  0.000  N    4  0.040  (1182,1535,1994,2144)
  22  0.000  0.850  0.098  0.588  0.998  0.176  0.500  1.0  0.000  N    5  0.040  (29,2435,841,3044)
  23  -0.001  0.711  0.362  0.548  1.000  0.120  0.500  1.0  0.000  N    4  0.040  (1169,1136,1981,1745)
  24  -0.004  0.731  0.469  0.548  1.000  0.447  0.500  1.0  0.000  N    4  0.040  (2029,1781,2841,2390)
  25  -0.008  0.737  0.439  0.548  1.000  0.450  0.500  1.0  0.000  N    4  0.040  (2070,1996,2882,2605)
  26  -0.008  0.842  0.086  0.860  0.905  0.201  0.500  1.0  0.000  N    5  0.040  (288,2439,1100,3048)
  27  -0.010  0.742  0.388  0.548  1.000  0.394  0.500  1.0  0.000  N    2  0.040  (881,220,1693,829)
  28  -0.012  0.829  0.084  0.872  0.890  0.151  0.500  1.0  0.000  N    5  0.040  (37,1966,849,2575)
  29  -0.013  0.760  0.476  0.548  1.000  0.673  0.500  1.0  0.000  N    2  0.040  (892,423,1704,1032)
  30  -0.016  0.635  0.571  0.825  0.913  0.406  0.500  1.0  0.000  N    4  0.040  (877,1753,1689,2362)
  31  -0.016  0.734  0.307  0.548  1.000  0.259  0.500  1.0  0.000  N    2  0.040  (858,0,1670,609)
  32  -0.018  0.723  0.475  0.548  1.000  0.573  0.500  1.0  0.000  N    0  0.040  (2096,1580,2908,2189)
  33  -0.019  0.732  0.304  0.548  1.000  0.275  0.500  1.0  0.000  N    4  0.040  (2031,2194,2843,2803)
  34  -0.022  0.669  0.365  0.548  1.000  0.171  0.500  1.0  0.000  N    4  0.040  (1801,1126,2613,1735)
  35  -0.022  0.767  0.215  0.548  1.000  0.269  0.500  1.0  0.000  N    4  0.040  (1205,1768,2017,2377)
  36  -0.029  0.639  0.444  0.548  1.000  0.280  0.500  1.0  0.000  N    4  0.040  (1770,1770,2582,2379)
  37  -0.036  0.573  0.581  0.790  0.929  0.390  0.500  1.0  0.000  N    0  0.040  (917,2423,1729,3032)
  38  -0.037  0.596  0.610  0.715  0.969  0.591  0.500  1.0  0.000  N    2  0.040  (599,640,1411,1249)
  39  -0.039  0.696  0.601  0.898  0.739  0.491  0.500  1.0  0.000  N    4  0.040  (631,1117,1443,1726)
  40  -0.040  0.603  0.569  0.548  1.000  0.499  0.500  1.0  0.000  N    2  0.040  (566,472,1378,1081)
  41  -0.042  0.688  0.245  0.548  1.000  0.206  0.500  1.0  0.000  N    4  0.040  (1733,2233,2545,2842)
  42  -0.043  0.603  0.427  0.548  1.000  0.242  0.500  1.0  0.000  N    4  0.040  (1452,1752,2264,2361)
  43  -0.045  0.689  0.471  0.548  1.000  0.697  0.500  1.0  0.000  N    2  0.040  (1512,440,2324,1049)
  44  -0.062  0.908  0.136  0.848  0.600  0.168  0.500  1.0  0.000  N    5  0.040  (267,1987,1079,2596)
  45  -0.062  0.632  0.325  0.548  1.000  0.345  0.500  1.0  0.000  N    4  0.040  (2049,1334,2861,1943)
  46  -0.065  0.606  0.305  0.548  1.000  0.231  0.500  1.0  0.000  N    4  0.040  (2076,1126,2888,1735)
  47  -0.074  0.609  0.415  0.548  1.000  0.555  0.500  1.0  0.000  N    2  0.040  (1471,238,2283,847)
  48  -0.078  0.621  0.254  0.548  1.000  0.323  0.500  1.0  0.000  N    2  0.040  (1149,205,1961,814)
  49  -0.082  0.667  0.458  0.918  0.613  0.162  0.500  1.0  0.000  N    3  0.040  (298,1528,1110,2137)
  50  -0.086  0.487  0.554  0.831  0.923  0.515  0.500  1.0  0.000  N    4  0.040  (872,898,1684,1507)
  51  -0.090  0.479  0.490  0.697  0.980  0.429  0.500  1.0  0.000  N    4  0.040  (880,1122,1692,1731)
  52  -0.090  0.639  0.370  0.548  1.000  0.749  0.500  1.0  0.000  N    2  0.040  (1146,464,1958,1073)
  53  -0.098  0.576  0.488  0.692  0.977  0.877  0.500  1.0  0.000  N    2  0.040  (1512,660,2324,1269)
  54  -0.100  0.446  0.509  0.710  0.976  0.439  0.500  1.0  0.000  N    4  0.040  (855,1338,1667,1947)
  55  -0.103  0.563  0.174  0.548  1.000  0.174  0.500  1.0  0.000  N    4  0.040  (1175,2195,1987,2804)
  56  -0.105  0.574  0.175  0.548  1.000  0.244  0.500  1.0  0.000  N    4  0.040  (1200,1974,2012,2583)
  57  -0.106  0.686  0.609  0.750  0.594  0.559  0.500  1.0  0.000  N    2  0.040  (621,874,1433,1483)
  58  -0.107  0.513  0.256  0.548  1.000  0.186  0.500  1.0  0.000  N    4  0.040  (1492,2225,2304,2834)
  59  -0.117  0.687  0.578  0.692  0.502  0.272  0.500  1.0  0.000  N    3  0.040  (559,1745,1371,2354)
  60  -0.120  0.460  0.251  0.548  1.000  0.094  0.500  1.0  0.000  N    4  0.040  (1766,2439,2578,3048)
  61  -0.122  0.541  0.383  0.692  0.977  0.776  0.500  1.0  0.000  N    2  0.040  (1182,660,1994,1269)
  62  -0.123  0.481  0.211  0.548  1.000  0.122  0.500  1.0  0.000  N    2  0.040  (1183,23,1995,632)
  63  -0.126  0.452  0.570  0.548  1.000  0.753  0.500  1.0  0.000  N    2  0.040  (1765,448,2577,1057)
  64  -0.128  0.360  0.542  0.786  0.947  0.433  0.500  1.0  0.000  N    4  0.040  (867,1556,1679,2165)
  65  -0.133  0.463  0.491  0.548  1.000  0.711  0.500  1.0  0.000  N    2  0.040  (283,0,1095,609)
  66  -0.133  0.504  0.404  0.548  1.000  0.706  0.500  1.0  0.000  N    0  0.040  (1484,870,2296,1479)
  67  -0.140  0.466  0.523  0.654  0.988  0.930  0.500  1.0  0.000  N    2  0.040  (1734,678,2546,1287)
  68  -0.142  0.399  0.321  0.550  1.000  0.208  0.500  1.0  0.000  N    0  0.040  (1173,2439,1985,3048)
  69  -0.142  0.445  0.352  0.577  0.999  0.475  0.500  1.0  0.000  N    2  0.040  (2051,2,2863,611)
  70  -0.147  0.414  0.501  0.548  1.000  0.672  0.500  1.0  0.000  N    2  0.040  (0,206,812,815)
  71  -0.151  0.421  0.355  0.548  1.000  0.456  0.500  1.0  0.000  N    2  0.040  (0,0,812,609)
  72  -0.156  0.377  0.491  0.561  1.000  0.613  0.500  1.0  0.000  N    2  0.040  (2042,246,2854,855)
  73  -0.157  0.438  0.406  0.548  1.000  0.682  0.500  1.0  0.000  N    0  0.040  (1747,899,2559,1508)
  74  -0.158  0.354  0.549  0.748  0.953  0.706  0.500  1.0  0.000  N    2  0.040  (893,657,1705,1266)
  75  -0.163  0.357  0.241  0.548  1.000  0.089  0.500  1.0  0.000  N    4  0.040  (1446,2433,2258,3042)
  76  -0.169  0.455  0.106  0.924  0.839  0.160  0.500  1.0  0.000  N    5  0.040  (0,1775,812,2384)
  77  -0.174  0.712  0.579  0.734  0.284  0.330  0.500  1.0  0.000  N    3  0.040  (290,1087,1102,1696)
  78  -0.177  0.695  0.529  0.680  0.303  0.196  0.500  1.0  0.000  N    3  0.040  (282,1348,1094,1957)
  79  -0.178  0.420  0.458  0.665  0.985  1.000  0.500  1.0  0.000  N    2  0.040  (2093,673,2905,1282)
  80  -0.181  0.299  0.591  0.548  1.000  0.736  0.500  1.0  0.000  N    2  0.040  (330,208,1142,817)
  81  -0.184  0.367  0.359  0.548  1.000  0.574  0.500  1.0  0.000  N    0  0.040  (2054,865,2866,1474)
  82  -0.185  0.370  0.397  0.548  1.000  0.674  0.500  1.0  0.000  N    2  0.040  (1509,4,2321,613)
  83  -0.187  0.362  0.529  0.674  0.983  1.000  0.500  1.0  0.000  N    2  0.040  (2109,432,2921,1041)
  84  -0.192  0.406  0.585  0.829  0.594  0.328  0.500  1.0  0.000  N    4  0.040  (575,1567,1387,2176)
  85  -0.194  0.482  0.620  0.744  0.588  0.611  0.500  1.0  0.000  N    2  0.040  (309,877,1121,1486)
  86  -0.198  0.254  0.505  0.548  1.000  0.557  0.500  1.0  0.000  N    2  0.040  (609,225,1421,834)
  87  -0.201  0.339  0.443  0.548  1.000  0.793  0.500  1.0  0.000  N    2  0.040  (1781,8,2593,617)
  88  -0.205  0.283  0.460  0.548  1.000  0.650  0.500  1.0  0.000  N    2  0.040  (556,16,1368,625)
  89  -0.211  0.230  0.596  0.548  1.000  0.774  0.500  1.0  0.000  N    2  0.040  (0,421,812,1030)
  90  -0.212  0.266  0.600  0.891  0.713  0.415  0.500  1.0  0.000  N    4  0.040  (597,1336,1409,1945)
  91  -0.221  0.275  0.305  0.548  1.000  0.473  0.500  1.0  0.000  N    0  0.040  (1176,860,1988,1469)
  92  -0.231  0.198  0.520  0.548  1.000  0.691  0.500  1.0  0.000  N    2  0.040  (1792,224,2604,833)
  93  -0.236  0.159  0.609  0.548  1.000  0.761  0.500  1.0  0.000  N    2  0.040  (255,461,1067,1070)
  94  -0.254  0.493  0.247  0.792  0.449  0.144  0.500  1.0  0.000  N    3  0.040  (266,1767,1078,2376)
  95  -0.270  0.056  0.600  0.788  0.930  0.706  0.500  1.0  0.000  N    2  0.040  (275,679,1087,1288)
  96  -0.284  0.311  0.135  0.999  0.626  0.233  0.500  1.0  0.000  N    3  0.040  (0,1535,812,2144)
  97  -0.301  0.000  0.618  0.786  0.931  0.829  0.500  1.0  0.000  N    2  0.040  (0,678,812,1287)
  98  -0.302  0.232  0.613  0.774  0.619  0.805  0.500  1.0  0.000  N    2  0.040  (29,861,841,1470)
  99  -0.406  0.358  0.499  0.406  0.205  0.508  0.500  1.0  0.000  N    3  0.040  (35,1105,847,1714)
 100  -0.423  0.161  0.324  0.880  0.324  0.372  0.500  1.0  0.000  N    3  0.040  (0,1301,812,1910)
