图片: 16
候选框数量: 100
权重: W_AES=0.4 W_CONTENT=0.2 W_THIRDS=0.1 W_CENTER=0.3 W_DEP=-0.1 W_CLIP_PEN=0.4 W_MISSING_PEN=-0.5

排名  final   aes    con    3rd    ctr    dep    pen    msg    rule   L  i    area   box
   1  0.543  0.816  0.478  0.551  1.000  0.337  0.500  0.0  0.930  N    8  0.250  (577,540,1536,1080)
   2  0.533  0.794  0.467  0.548  1.000  0.330  0.500  0.0  0.934  N    8  0.250  (651,535,1610,1075)
   3  0.509  0.684  0.511  0.688  0.978  0.290  0.500  0.0  0.827  N    8  0.160  (925,636,1692,1068)
   4  0.507  0.737  0.498  0.782  0.944  0.488  0.500  0.0  0.945  N    8  0.360  (654,432,1805,1080)
   5  0.497  0.819  0.337  0.549  1.000  0.534  0.500  0.0  0.692  N    7  0.090  (718,280,1293,604)
   6  0.485  1.000  0.414  0.998  0.674  1.000  0.500  0.0  0.709  N    7  0.250  (376,0,1335,540)
   7  0.478  0.628  0.481  0.549  1.000  0.243  0.500  0.0  0.921  N    8  0.160  (818,644,1585,1076)
   8  0.465  0.810  0.449  0.933  0.836  0.927  0.500  0.0  0.982  N    4  0.360  (430,118,1581,766)
   9  0.461  0.630  0.486  0.586  0.998  0.470  0.500  0.0  0.960  N    1  0.360  (481,432,1632,1080)
  10  0.454  0.566  0.520  0.806  0.918  0.320  0.500  0.0  0.740  N    8  0.160  (1004,635,1771,1067)
  11  0.453  0.774  0.358  0.746  0.955  0.896  0.500  0.0  0.830  N    7  0.122  (721,205,1392,583)
  12  0.449  0.576  0.474  0.644  0.990  0.375  0.500  0.0  0.747  N    8  0.250  (721,496,1680,1036)
  13  0.445  0.590  0.461  0.548  1.000  0.381  0.500  0.0  0.723  N    8  0.250  (577,496,1536,1036)
  14  0.444  0.667  0.340  0.574  0.999  0.481  0.500  0.0  0.681  N    7  0.090  (718,312,1293,636)
  15  0.443  0.580  0.504  0.781  0.944  0.512  0.500  0.0  0.805  N    1  0.360  (308,432,1459,1080)
  16  0.435  0.782  0.452  0.960  0.787  1.000  0.500  0.0  0.678  Y    7  0.250  (595,0,1554,540)
  17  0.432  0.676  0.342  0.549  1.000  0.619  0.500  0.0  0.677  N    7  0.090  (718,247,1293,571)
  18  0.431  0.700  0.354  0.657  0.987  0.814  0.500  0.0  0.861  N    7  0.122  (643,223,1314,601)
  19  0.428  0.943  0.600  0.744  0.498  0.924  0.500  0.0  0.732  N    7  0.360  (0,218,1151,866)
  20  0.425  0.481  0.505  0.552  1.000  0.236  0.500  0.0  0.802  N    8  0.160  (722,648,1489,1080)
  21  0.424  0.560  0.509  0.878  0.840  0.416  0.500  0.0  0.793  N    8  0.250  (936,522,1895,1062)
  22  0.423  0.631  0.466  0.865  0.894  0.775  0.500  0.0  0.991  N    7  0.360  (391,219,1542,867)
  23  0.416  0.672  0.414  0.856  0.904  0.924  0.500  0.0  0.982  N    7  0.250  (508,164,1467,704)
  24  0.413  0.708  0.383  0.889  0.882  1.000  0.500  0.0  0.735  N    7  0.160  (705,115,1472,547)
  25  0.412  0.756  0.427  0.965  0.759  0.998  0.500  0.0  0.972  N    7  0.360  (430,53,1581,701)
  26  0.408  0.590  0.386  0.694  0.980  0.680  0.500  0.0  0.822  N    7  0.122  (749,297,1420,675)
  27  0.403  0.595  0.463  0.866  0.898  0.836  0.500  0.0  0.991  N    7  0.360  (430,182,1581,830)
  28  0.401  0.719  0.441  0.987  0.716  0.885  0.500  0.0  0.975  N    4  0.360  (257,118,1408,766)
  29  0.397  0.805  0.408  0.810  0.661  0.859  0.500  0.0  0.965  N    7  0.250  (297,173,1256,713)
  30  0.397  0.605  0.379  0.714  0.974  0.846  0.500  0.0  0.966  N    7  0.160  (622,226,1389,658)
  31  0.395  0.451  0.487  0.701  0.974  0.547  0.475  0.0  0.870  N    1  0.360  (481,377,1632,1025)
  32  0.395  0.650  0.416  0.882  0.835  0.874  0.500  0.0  0.977  N    7  0.250  (382,172,1341,712)
  33  0.393  0.838  0.359  0.906  0.649  0.992  0.500  0.0  0.940  N    7  0.250  (310,91,1269,631)
  34  0.390  0.662  0.377  0.881  0.872  1.000  0.500  0.0  0.672  N    7  0.122  (778,150,1449,528)
  35  0.389  0.481  0.482  0.740  0.965  0.633  0.500  0.0  0.761  N    7  0.250  (543,323,1502,863)
  36  0.385  0.599  0.369  0.782  0.943  0.893  0.500  0.0  0.956  N    7  0.160  (737,226,1504,658)
  37  0.382  0.687  0.360  0.938  0.806  1.000  0.500  0.0  0.771  N    7  0.160  (491,131,1258,563)
  38  0.380  0.554  0.400  0.781  0.946  0.839  0.500  0.0  0.883  N    7  0.160  (772,261,1539,693)
  39  0.378  0.398  0.513  0.816  0.910  0.381  0.500  0.0  0.924  N    8  0.250  (861,540,1820,1080)
  40  0.378  0.585  0.366  0.640  0.991  0.903  0.500  0.0  0.958  N    7  0.160  (596,196,1363,628)
  41  0.378  0.516  0.385  0.744  0.963  0.688  0.500  0.0  0.848  N    7  0.122  (627,287,1298,665)
  42  0.378  0.875  0.510  0.947  0.437  1.000  0.500  0.0  0.806  N    0  0.250  (960,60,1919,600)
  43  0.377  0.555  0.451  0.918  0.847  0.811  0.500  0.0  0.981  N    7  0.250  (411,213,1370,753)
  44  0.376  0.479  0.445  0.685  0.982  0.675  0.500  0.0  0.797  N    7  0.160  (716,310,1483,742)
  45  0.373  0.513  0.454  0.834  0.919  0.816  0.500  0.0  0.984  N    7  0.250  (487,219,1446,759)
  46  0.372  0.465  0.451  0.714  0.972  0.675  0.500  0.0  0.700  N    7  0.160  (795,331,1562,763)
  47  0.371  0.613  0.386  0.909  0.860  1.000  0.500  0.0  0.970  N    7  0.250  (526,118,1485,658)
  48  0.369  0.600  0.395  0.926  0.840  0.948  0.500  0.0  0.979  N    7  0.250  (449,143,1408,683)
  49  0.368  0.574  0.485  0.946  0.746  0.766  0.500  0.0  0.978  N    7  0.360  (218,219,1369,867)
  50  0.364  0.608  0.376  0.923  0.844  1.000  0.500  0.0  0.886  N    7  0.250  (418,70,1377,610)
  51  0.360  0.530  0.430  0.857  0.907  0.962  0.500  0.0  0.970  N    7  0.250  (670,172,1629,712)
  52  0.358  0.607  0.385  0.943  0.814  1.000  0.500  0.0  0.780  N    7  0.160  (780,139,1547,571)
  53  0.355  0.476  0.405  0.677  0.983  0.788  0.500  0.0  0.904  N    7  0.160  (657,257,1424,689)
  54  0.355  0.385  0.439  0.548  1.000  0.419  0.500  0.0  0.668  N    1  0.250  (624,451,1583,991)
  55  0.354  0.393  0.489  0.840  0.916  0.597  0.500  0.0  0.730  N    5  0.360  (356,343,1507,991)
  56  0.353  0.590  0.457  0.977  0.759  1.000  0.500  0.0  0.932  N    7  0.250  (810,163,1769,703)
  57  0.350  0.439  0.431  0.790  0.945  0.741  0.500  0.0  0.879  N    7  0.160  (571,275,1338,707)
  58  0.349  0.394  0.492  0.846  0.914  0.656  0.500  0.0  0.799  N    7  0.250  (451,311,1410,851)
  59  0.348  0.573  0.387  0.906  0.773  0.813  0.500  0.0  0.856  N    7  0.160  (456,248,1223,680)
  60  0.347  0.511  0.479  0.933  0.834  0.968  0.500  0.0  0.967  N    4  0.360  (603,118,1754,766)
  61  0.346  0.517  0.380  0.743  0.965  1.000  0.500  0.0  0.743  N    7  0.160  (606,115,1373,547)
  62  0.346  0.864  0.535  0.876  0.353  1.000  0.500  0.0  0.910  N    0  0.250  (960,6,1919,546)
  63  0.346  0.709  0.482  0.985  0.559  1.000  0.500  0.0  0.668  Y    7  0.250  (739,1,1698,541)
  64  0.343  0.527  0.373  0.878  0.841  0.828  0.500  0.0  0.964  N    7  0.160  (507,226,1274,658)
  65  0.342  0.513  0.365  0.714  0.969  0.982  0.500  0.0  0.886  N    7  0.160  (670,175,1437,607)
  66  0.341  0.543  0.369  0.904  0.866  1.000  0.500  0.0  0.829  N    7  0.160  (820,190,1587,622)
  67  0.341  0.392  0.478  0.815  0.931  0.722  0.500  0.0  0.889  N    7  0.250  (487,273,1446,813)
  68  0.341  0.461  0.482  0.920  0.850  0.868  0.500  0.0  0.851  N    7  0.250  (803,255,1762,795)
  69  0.341  0.391  0.476  0.848  0.911  0.687  0.500  0.0  0.859  N    7  0.360  (391,283,1542,931)
  70  0.340  0.273  0.490  0.549  1.000  0.223  0.500  0.0  0.793  N    8  0.122  (857,688,1528,1066)
  71  0.338  0.353  0.469  0.679  0.982  0.596  0.500  0.0  0.691  N    7  0.250  (624,343,1583,883)
  72  0.338  0.375  0.479  0.807  0.937  0.819  0.470  0.0  0.977  N    7  0.360  (564,219,1715,867)
  73  0.331  0.609  0.451  0.839  0.639  0.780  0.500  0.0  0.863  N    7  0.250  (254,231,1213,771)
  74  0.331  0.497  0.489  0.898  0.717  0.703  0.500  0.0  0.796  N    7  0.250  (284,295,1243,835)
  75  0.331  0.608  0.484  0.960  0.649  1.000  0.500  0.0  0.890  Y    7  0.360  (643,0,1794,648)
  76  0.329  0.483  0.373  0.818  0.930  1.000  0.500  0.0  0.673  N    7  0.122  (611,143,1282,521)
  77  0.328  0.249  0.457  0.555  1.000  0.181  0.500  0.0  0.740  N    8  0.090  (966,756,1541,1080)
  78  0.326  0.339  0.425  0.628  0.993  0.555  0.500  0.0  0.681  N    7  0.122  (731,351,1402,729)
  79  0.325  0.798  0.567  0.589  0.445  0.995  0.500  0.0  0.737  N    7  0.360  (0,153,1151,801)
  80  0.325  0.328  0.500  0.867  0.886  0.667  0.481  0.0  0.714  N    5  0.360  (701,343,1852,991)
  81  0.325  0.374  0.458  0.762  0.957  0.800  0.500  0.0  0.967  N    7  0.250  (572,239,1531,779)
  82  0.324  0.486  0.417  0.925  0.846  1.000  0.500  0.0  0.963  N    7  0.250  (683,133,1642,673)
  83  0.323  0.734  0.507  0.937  0.450  1.000  0.500  0.0  0.705  Y    0  0.250  (846,0,1805,540)
  84  0.319  0.382  0.464  0.828  0.919  0.853  0.500  0.0  0.957  N    7  0.250  (711,236,1670,776)
  85  0.318  0.744  0.516  0.920  0.416  1.000  0.500  0.0  0.798  N    0  0.250  (882,0,1841,540)
  86  0.314  0.553  0.446  0.998  0.680  1.000  0.500  0.0  0.924  N    7  0.250  (789,98,1748,638)
  87  0.314  0.333  0.463  0.729  0.967  0.750  0.500  0.0  0.877  N    7  0.250  (631,273,1590,813)
  88  0.313  0.363  0.480  0.905  0.838  0.706  0.500  0.0  0.717  N    7  0.160  (468,327,1235,759)
  89  0.312  0.312  0.481  0.738  0.963  0.722  0.500  0.0  0.859  N    7  0.360  (528,278,1679,926)
  90  0.309  0.545  0.449  0.867  0.716  1.000  0.500  0.0  0.898  Y    7  0.360  (499,0,1650,648)
  91  0.308  0.256  0.488  0.801  0.939  0.611  0.481  0.0  0.794  N    5  0.360  (528,343,1679,991)
  92  0.307  0.636  0.506  0.973  0.516  1.000  0.500  0.0  0.883  Y    0  0.360  (768,0,1919,648)
  93  0.306  0.521  0.434  0.986  0.709  1.000  0.500  0.0  0.870  N    7  0.250  (714,69,1673,609)
  94  0.300  0.263  0.476  0.746  0.964  0.646  0.500  0.0  0.761  N    7  0.160  (583,327,1350,759)
  95  0.295  0.426  0.353  0.881  0.888  1.000  0.500  0.0  0.689  N    7  0.122  (859,223,1530,601)
  96  0.291  0.344  0.481  0.936  0.783  0.717  0.500  0.0  0.878  N    7  0.250  (343,273,1302,813)
  97  0.288  0.365  0.425  0.905  0.866  0.936  0.500  0.0  0.660  N    7  0.160  (889,259,1656,691)
  98  0.287  0.568  0.500  0.984  0.538  1.000  0.500  0.0  0.936  N    7  0.360  (768,16,1919,664)
  99  0.272  0.131  0.497  0.845  0.883  0.298  0.500  0.0  0.684  N    8  0.122  (1108,702,1779,1080)
 100  0.236  0.000  0.499  0.659  0.987  0.253  0.500  0.0  0.821  N    8  0.122  (995,702,1666,1080)
