图片: 17
候选框数量: 100
权重: W_AES=0.4 W_CONTENT=0.2 W_THIRDS=0.1 W_CENTER=0.3 W_DEP=-0.1 W_CLIP_PEN=0.4 W_MISSING_PEN=-0.5

排名  final   aes    con    3rd    ctr    dep    pen    msg    rule   L  i    area   box
   1  0.816  0.821  0.945  0.905  0.790  0.285  0.000  0.0  0.835  N    1  0.250  (167,329,1018,967)
   2  0.804  0.854  0.947  0.997  0.673  0.283  0.000  0.0  0.823  N    1  0.250  (39,329,890,967)
   3  0.804  0.790  0.756  0.739  0.958  0.245  0.000  0.0  0.614  Y    1  0.360  (0,156,1021,921)
   4  0.799  0.894  0.828  0.917  0.696  0.252  0.000  0.0  0.656  N    1  0.250  (334,257,1185,895)
   5  0.792  0.701  0.876  0.672  0.985  0.267  0.000  0.0  0.698  Y    1  0.360  (82,189,1103,954)
   6  0.788  0.837  0.902  0.981  0.670  0.266  0.000  0.0  0.734  N    1  0.250  (0,297,851,935)
   7  0.784  0.662  1.000  0.694  0.979  0.437  0.000  0.0  0.542  Y   -1  0.122  (894,658,1489,1104)
   8  0.771  0.753  0.781  0.881  0.835  0.249  0.000  0.0  0.620  Y    1  0.360  (228,156,1249,921)
   9  0.769  0.657  0.869  0.853  0.910  0.260  0.000  0.0  0.695  N    1  0.250  (112,279,963,917)
  10  0.762  0.669  0.829  0.837  0.900  0.247  0.000  0.0  0.546  N    1  0.160  (252,342,932,852)
  11  0.750  0.754  0.662  0.882  0.835  0.228  0.000  0.0  0.524  N    1  0.250  (32,219,883,857)
  12  0.748  0.604  0.845  0.745  0.960  0.254  0.000  0.0  0.662  N    1  0.250  (167,265,1018,903)
  13  0.737  0.710  0.939  0.999  0.648  0.287  0.000  0.0  0.847  N    1  0.250  (294,329,1145,967)
  14  0.721  0.668  0.690  0.881  0.837  0.233  0.000  0.0  0.548  N    1  0.250  (287,219,1138,857)
  15  0.718  0.576  0.753  0.813  0.932  0.245  0.000  0.0  0.470  N    1  0.122  (333,340,928,786)
  16  0.715  0.720  0.888  0.976  0.592  0.259  0.000  0.0  0.706  N    1  0.160  (150,393,830,903)
  17  0.705  1.000  0.886  0.830  0.369  0.268  0.097  0.0  0.678  N    1  0.250  (456,295,1307,933)
  18  0.704  0.486  1.000  0.691  0.980  0.536  0.000  0.0  0.560  Y   -1  0.160  (831,623,1511,1133)
  19  0.698  0.476  1.000  0.660  0.988  0.548  0.000  0.0  0.551  Y   -1  0.160  (917,630,1597,1140)
  20  0.693  0.429  1.000  0.697  0.980  0.423  0.000  0.0  0.530  Y   -1  0.122  (1025,659,1620,1105)
  21  0.687  0.761  0.900  0.938  0.450  0.260  0.000  0.0  0.726  N    1  0.160  (98,403,778,913)
  22  0.685  0.607  0.882  0.846  0.693  0.260  0.000  0.0  0.715  N    1  0.160  (252,393,932,903)
  23  0.684  0.555  0.607  0.704  0.975  0.221  0.000  0.0  0.464  N    1  0.250  (126,194,977,832)
  24  0.681  0.494  1.000  0.895  0.765  0.357  0.000  0.0  0.558  Y   -1  0.160  (909,550,1589,1060)
  25  0.679  0.592  0.530  0.800  0.922  0.205  0.000  0.0  0.485  N    1  0.360  (74,79,1095,844)
  26  0.678  0.651  0.876  0.989  0.565  0.260  0.000  0.0  0.725  N    1  0.160  (354,393,1034,903)
  27  0.677  0.403  1.000  0.785  0.943  0.459  0.000  0.0  0.544  Y   -1  0.160  (1022,604,1702,1114)
  28  0.674  0.937  0.860  0.895  0.347  0.253  0.102  0.0  0.574  N    1  0.160  (25,384,705,894)
  29  0.674  0.950  1.000  0.786  0.623  0.454  0.315  0.0  0.923  Y    1  0.360  (82,342,1103,1107)
  30  0.672  0.621  0.539  0.954  0.806  0.212  0.000  0.0  0.467  N    1  0.250  (279,165,1130,803)
  31  0.668  0.454  1.000  0.885  0.765  0.313  0.000  0.0  0.539  Y   -1  0.122  (903,579,1498,1025)
  32  0.667  0.472  0.768  0.911  0.860  0.243  0.000  0.0  0.474  N    1  0.160  (329,315,1009,825)
  33  0.663  0.891  0.983  0.878  0.850  0.324  0.500  0.0  0.871  Y    1  0.360  (82,265,1103,1030)
  34  0.660  0.545  0.855  0.978  0.659  0.246  0.000  0.0  0.537  N    1  0.122  (215,404,810,850)
  35  0.657  0.372  1.000  0.592  0.998  0.501  0.000  0.0  0.550  Y   -1  0.122  (783,678,1378,1124)
  36  0.652  0.874  0.981  0.947  0.815  0.324  0.500  0.0  0.863  Y    1  0.360  (0,265,1021,1030)
  37  0.652  0.371  0.955  0.622  0.995  0.480  0.000  0.0  0.520  Y   -1  0.122  (1096,684,1691,1130)
  38  0.648  0.425  1.000  0.891  0.738  0.327  0.000  0.0  0.552  Y   -1  0.122  (755,578,1350,1024)
  39  0.647  0.565  0.836  0.996  0.599  0.253  0.000  0.0  0.639  N    1  0.160  (378,366,1058,876)
  40  0.642  0.925  0.980  0.995  0.699  0.325  0.500  0.0  0.867  Y    1  0.360  (235,265,1256,1030)
  41  0.627  0.516  0.848  0.926  0.678  0.246  0.050  0.0  0.575  N    1  0.122  (331,414,926,860)
  42  0.626  0.359  1.000  0.890  0.758  0.341  0.000  0.0  0.546  Y   -1  0.160  (1022,544,1702,1054)
  43  0.620  0.508  0.755  0.895  0.669  0.243  0.000  0.0  0.480  N    1  0.160  (393,312,1073,822)
  44  0.619  0.654  0.641  0.817  0.565  0.218  0.000  0.0  0.577  N    1  0.360  (340,108,1361,873)
  45  0.616  0.289  1.000  0.922  0.800  0.314  0.000  0.0  0.530  Y   -1  0.122  (1008,587,1603,1033)
  46  0.615  0.710  0.955  0.701  0.529  0.273  0.154  0.0  0.737  N    1  0.160  (252,444,932,954)
  47  0.613  0.412  0.665  0.881  0.836  0.236  0.000  0.0  0.472  N    1  0.160  (347,283,1027,793)
  48  0.603  0.244  1.000  0.912  0.816  0.308  0.000  0.0  0.521  Y   -1  0.122  (1107,590,1702,1036)
  49  0.592  0.844  0.835  0.892  0.334  0.257  0.191  0.0  0.520  N    1  0.160  (487,379,1167,889)
  50  0.586  0.517  0.948  0.939  0.417  0.293  0.000  0.0  0.886  N    1  0.250  (390,341,1241,979)
  51  0.583  0.312  1.000  0.835  0.692  0.335  0.000  0.0  0.564  Y   -1  0.160  (796,526,1476,1036)
  52  0.567  0.660  0.834  0.925  0.418  0.248  0.142  0.0  0.496  N    1  0.122  (448,419,1043,865)
  53  0.565  0.915  0.982  0.735  0.213  0.308  0.259  0.0  0.724  N    1  0.250  (506,372,1357,1010)
  54  0.555  0.313  1.000  0.785  0.625  0.357  0.000  0.0  0.593  Y   -1  0.250  (851,424,1702,1062)
  55  0.548  0.652  1.000  0.888  0.351  0.405  0.166  0.0  0.846  N    0  0.250  (29,447,880,1085)
  56  0.547  0.354  1.000  0.712  0.548  0.302  0.000  0.0  0.584  Y   -1  0.250  (827,383,1678,1021)
  57  0.540  0.590  0.423  0.965  0.472  0.184  0.000  0.0  0.472  N    1  0.360  (340,32,1361,797)
  58  0.534  0.808  0.994  0.949  0.495  0.318  0.500  0.0  0.978  N    1  0.250  (282,385,1133,1023)
  59  0.513  0.469  0.500  0.873  0.530  0.209  0.000  0.0  0.476  N    1  0.250  (385,158,1236,796)
  60  0.512  0.697  1.000  0.758  0.247  0.406  0.191  0.0  0.805  N    1  0.250  (371,453,1222,1091)
  61  0.509  0.675  0.999  0.730  0.232  0.712  0.082  0.0  0.904  N    1  0.360  (340,424,1361,1189)
  62  0.502  0.323  0.094  0.545  1.000  0.000  0.000  0.0  0.045  Y   -1  0.250  (745,0,1596,638)
  63  0.496  0.421  0.974  0.788  0.307  0.384  0.000  0.0  0.760  N    0  0.062  (0,769,425,1088)
  64  0.478  0.507  0.964  0.860  0.333  0.274  0.191  0.0  0.716  N    1  0.160  (88,453,768,963)
  65  0.477  0.512  0.976  0.838  0.425  0.282  0.264  0.0  0.722  N    1  0.160  (314,469,994,979)
  66  0.471  0.659  1.000  0.726  0.558  0.323  0.500  0.0  0.966  N    1  0.250  (167,392,1018,1030)
  67  0.463  0.238  0.921  0.672  0.471  0.248  0.000  0.0  0.425  Y   -1  0.122  (749,479,1344,925)
  68  0.463  0.225  0.091  0.545  1.000  0.000  0.000  0.0  0.041  Y   -1  0.250  (817,22,1668,660)
  69  0.460  0.033  0.767  0.786  0.945  0.683  0.000  0.0  0.682  N    0  0.040  (0,938,340,1193)
  70  0.456  0.505  0.925  0.728  0.492  0.259  0.313  0.0  0.545  N    1  0.122  (314,479,909,925)
  71  0.454  0.205  0.930  0.966  0.564  0.801  0.000  0.0  0.903  N    0  0.122  (1,760,596,1206)
  72  0.453  0.275  0.942  0.570  0.404  0.237  0.000  0.0  0.368  Y   -1  0.250  (763,304,1614,942)
  73  0.449  0.028  0.782  0.881  0.882  0.716  0.000  0.0  0.747  N    0  0.062  (0,873,425,1192)
  74  0.446  0.452  0.989  0.761  0.440  0.285  0.278  0.0  0.707  N    1  0.160  (194,472,874,982)
  75  0.438  0.433  0.926  0.893  0.451  0.258  0.298  0.0  0.538  N    1  0.122  (211,476,806,922)
  76  0.422  0.130  0.888  0.964  0.659  0.736  0.069  0.0  0.761  N    0  0.090  (18,812,528,1194)
  77  0.416  0.630  0.946  0.706  0.235  0.273  0.347  0.0  0.545  N    1  0.160  (0,446,680,956)
  78  0.400  0.161  0.998  0.883  0.317  0.470  0.000  0.0  0.833  N    0  0.090  (0,727,510,1109)
  79  0.399  0.246  0.818  0.538  0.344  0.198  0.000  0.0  0.245  Y   -1  0.250  (838,263,1689,901)
  80  0.387  0.089  0.900  0.656  0.476  0.373  0.000  0.0  0.694  N    0  0.040  (0,840,340,1095)
  81  0.385  0.487  1.000  0.949  0.427  0.326  0.500  0.0  0.950  N    1  0.250  (8,394,859,1032)
  82  0.384  0.132  0.914  0.820  0.555  1.000  0.000  0.0  0.905  N    0  0.160  (0,754,680,1264)
  83  0.374  0.032  0.739  0.965  0.722  1.000  0.000  0.0  0.813  N    0  0.090  (0,887,510,1269)
  84  0.364  0.446  0.965  0.737  0.257  0.284  0.325  0.0  0.685  N    1  0.160  (438,471,1118,981)
  85  0.355  0.143  0.953  0.942  0.447  0.871  0.085  0.0  0.836  N    0  0.160  (22,712,702,1222)
  86  0.344  0.000  0.833  0.825  0.651  1.000  0.000  0.0  0.890  N    0  0.122  (4,830,599,1276)
  87  0.332  0.555  1.000  0.523  0.355  0.493  0.500  0.0  0.607  Y    1  0.250  (160,484,1011,1122)
  88  0.328  0.502  1.000  0.803  0.319  0.482  0.500  0.0  0.624  Y    1  0.250  (260,482,1111,1120)
  89  0.322  0.001  0.735  0.959  0.585  0.965  0.000  0.0  0.723  N    0  0.062  (9,957,434,1276)
  90  0.310  0.241  0.515  0.529  0.240  0.141  0.000  0.0  0.067  Y   -1  0.250  (769,191,1620,829)
  91  0.251  0.142  0.429  0.568  0.211  0.118  0.000  0.0  0.058  Y   -1  0.250  (851,164,1702,802)
  92  0.249  0.184  0.950  0.904  0.355  0.699  0.354  0.0  0.596  N    0  0.122  (92,737,687,1183)
  93  0.224  0.435  1.000  0.746  0.184  0.798  0.500  0.0  0.929  N    0  0.250  (0,565,851,1203)
  94  0.197  0.179  0.827  0.641  0.470  1.000  0.362  0.0  0.577  N    0  0.122  (94,830,689,1276)
  95  0.184  0.210  1.000  0.768  0.239  0.486  0.500  0.0  0.905  N    0  0.122  (8,665,603,1111)
  96  0.175  0.228  1.000  0.700  0.233  0.558  0.500  0.0  0.823  N    0  0.160  (29,627,709,1137)
  97  0.174  0.095  0.740  0.832  0.511  0.996  0.373  0.0  0.485  N    0  0.090  (97,886,607,1268)
  98  0.166  0.202  0.979  0.798  0.267  0.705  0.500  0.0  0.591  N    0  0.160  (96,671,776,1181)
  99  0.114  0.124  0.115  0.284  0.050  0.018  0.000  0.0  0.052  Y   -1  0.250  (771,73,1622,711)
 100  0.110  0.053  0.112  0.451  0.077  0.018  0.000  0.0  0.046  Y   -1  0.250  (851,73,1702,711)
