图片: 18695
候选框数量: 100
权重: W_AES=0.45 W_CONTENT=0.25 W_THIRDS=0.15 W_CENTER=0.15 W_DEP=-0.1 W_PEN=0.4

排名  final   aes    con    3rd    ctr    dep    pen    rule   L  i    area   box
   1  0.824  0.865  0.936  0.927  0.799  0.584  0.000  0.956  N    1  0.359  (81,138,465,344)
   2  0.818  1.000  0.933  0.778  0.487  0.553  0.000  0.941  N    1  0.250  (83,172,403,344)
   3  0.754  0.918  0.977  0.867  0.312  0.799  0.000  0.910  Y    1  0.359  (20,102,404,308)
   4  0.733  0.855  0.958  0.807  0.399  0.720  0.000  0.899  Y    1  0.359  (20,123,404,329)
   5  0.724  0.601  0.953  0.898  0.874  0.511  0.000  0.958  N    1  0.159  (191,193,447,330)
   6  0.713  0.696  0.952  0.993  0.566  0.721  0.000  0.972  N    1  0.359  (77,102,461,308)
   7  0.713  0.563  0.976  0.952  0.807  0.486  0.000  0.947  N    1  0.159  (241,192,497,329)
   8  0.697  0.913  0.994  0.641  0.207  0.895  0.000  0.917  Y    1  0.359  (20,81,404,287)
   9  0.697  0.578  0.924  0.919  0.825  0.559  0.000  0.955  N    1  0.250  (128,166,448,338)
  10  0.693  0.548  0.951  0.964  0.771  0.515  0.000  0.943  N    1  0.250  (230,172,550,344)
  11  0.692  0.581  0.958  0.993  0.567  0.436  0.000  0.946  N    1  0.159  (163,205,419,342)
  12  0.688  0.497  0.998  0.976  0.764  0.462  0.000  0.947  N    1  0.122  (249,204,473,324)
  13  0.687  0.556  0.943  0.842  0.916  0.626  0.000  0.974  N    1  0.359  (127,124,511,330)
  14  0.686  0.554  0.950  0.748  0.961  0.575  0.000  0.964  N    1  0.159  (191,180,447,317)
  15  0.669  0.519  0.965  0.914  0.671  0.439  0.000  0.952  N    1  0.159  (191,207,447,344)
  16  0.665  0.536  0.947  0.638  0.992  0.573  0.000  0.965  N    1  0.359  (138,138,522,344)
  17  0.663  0.489  0.957  0.841  0.910  0.583  0.000  0.954  N    1  0.359  (185,138,569,344)
  18  0.656  0.521  0.930  0.925  0.689  0.528  0.000  0.948  N    1  0.250  (111,172,431,344)
  19  0.654  0.442  0.996  0.827  0.926  0.570  0.000  0.959  N    1  0.122  (244,181,468,301)
  20  0.653  0.495  0.942  0.902  0.785  0.586  0.000  0.958  N    1  0.159  (164,179,420,316)
  21  0.648  0.463  0.947  0.752  0.961  0.536  0.000  0.958  N    1  0.250  (170,172,490,344)
  22  0.647  0.420  1.000  0.844  0.895  0.530  0.000  0.880  N    1  0.090  (263,196,455,299)
  23  0.646  0.475  0.953  0.913  0.753  0.559  0.000  0.949  N    1  0.250  (236,155,556,327)
  24  0.642  0.433  0.973  0.775  0.948  0.547  0.000  0.955  N    1  0.159  (229,180,485,317)
  25  0.641  0.438  0.945  0.800  0.936  0.525  0.000  0.951  N    1  0.250  (196,172,516,344)
  26  0.640  0.408  1.000  0.749  0.962  0.504  0.000  0.814  N    1  0.062  (260,209,420,295)
  27  0.639  0.492  0.945  0.970  0.675  0.656  0.000  0.964  N    1  0.159  (159,163,415,300)
  28  0.633  0.783  1.000  0.517  0.151  0.692  0.000  0.962  N    1  0.250  (284,100,604,272)
  29  0.627  0.410  1.000  0.663  0.987  0.552  0.000  0.884  N    1  0.090  (248,194,440,297)
  30  0.626  0.612  0.988  0.841  0.280  0.646  0.000  0.949  N    1  0.250  (287,126,607,298)
  31  0.626  0.412  0.944  0.800  0.929  0.549  0.000  0.953  N    1  0.250  (207,162,527,334)
  32  0.625  0.431  0.943  0.706  0.976  0.570  0.000  0.964  N    1  0.250  (159,162,479,334)
  33  0.614  0.448  0.982  0.992  0.564  0.662  0.000  0.965  N    1  0.250  (229,124,549,296)
  34  0.612  0.385  0.981  0.720  0.973  0.602  0.000  0.966  N    1  0.122  (219,180,443,300)
  35  0.612  0.516  0.923  0.882  0.528  0.621  0.000  0.956  N    1  0.250  (92,143,412,315)
  36  0.611  0.381  0.956  0.869  0.888  0.629  0.000  0.973  N    1  0.250  (167,140,487,312)
  37  0.609  0.883  0.993  0.423  0.115  0.847  0.082  0.894  N    1  0.250  (54,98,374,270)
  38  0.609  0.660  0.932  0.775  0.310  0.675  0.042  0.932  N    1  0.250  (58,141,378,313)
  39  0.608  0.349  1.000  0.878  0.882  0.630  0.000  0.894  N    1  0.090  (223,186,415,289)
  40  0.607  0.339  1.000  0.806  0.932  0.560  0.000  0.889  N    1  0.090  (223,197,415,300)
  41  0.605  0.556  0.954  0.878  0.312  0.420  0.051  0.916  N    1  0.159  (121,203,377,340)
  42  0.604  0.364  0.954  0.890  0.881  0.639  0.000  0.972  N    1  0.159  (192,163,448,300)
  43  0.603  0.356  0.988  0.925  0.661  0.428  0.000  0.943  N    1  0.159  (229,207,485,344)
  44  0.602  0.396  0.969  0.905  0.749  0.665  0.000  0.974  N    1  0.250  (185,128,505,300)
  45  0.597  0.324  0.972  0.893  0.875  0.570  0.000  0.957  N    1  0.159  (239,171,495,308)
  46  0.595  0.367  1.000  0.997  0.598  0.591  0.000  0.885  N    1  0.090  (276,177,468,280)
  47  0.592  0.732  0.962  0.721  0.203  0.747  0.105  0.863  N    1  0.250  (52,119,372,291)
  48  0.589  0.396  0.967  0.830  0.635  0.511  0.000  0.944  N    1  0.159  (269,182,525,319)
  49  0.584  0.336  0.919  0.931  0.823  0.602  0.000  0.962  N    1  0.250  (129,152,449,324)
  50  0.582  0.347  1.000  0.870  0.711  0.612  0.000  0.885  N    1  0.090  (201,193,393,296)
  51  0.579  0.329  0.981  0.985  0.539  0.429  0.000  0.936  N    1  0.159  (262,203,518,340)
  52  0.576  0.380  1.000  0.871  0.400  0.351  0.000  0.937  N    1  0.122  (253,224,477,344)
  53  0.576  0.362  1.000  0.800  0.638  0.528  0.000  0.875  N    1  0.090  (286,194,478,297)
  54  0.575  0.848  0.964  0.675  0.174  0.762  0.248  0.691  Y    1  0.250  (41,117,361,289)
  55  0.574  0.429  0.963  0.920  0.508  0.742  0.000  0.981  N    1  0.250  (137,115,457,287)
  56  0.571  0.608  0.982  0.682  0.205  0.808  0.000  0.976  N    1  0.250  (89,100,409,272)
  57  0.569  0.517  0.995  0.640  0.447  0.761  0.000  0.989  N    1  0.250  (168,106,488,278)
  58  0.560  0.314  0.968  0.974  0.522  0.477  0.000  0.947  N    1  0.122  (171,205,395,325)
  59  0.558  0.256  1.000  0.977  0.624  0.467  0.000  0.810  N    1  0.062  (224,215,384,301)
  60  0.555  0.330  1.000  0.915  0.402  0.407  0.000  0.858  N    1  0.090  (291,217,483,320)
  61  0.555  0.227  1.000  0.815  0.932  0.593  0.000  0.764  N    1  0.040  (266,207,394,275)
  62  0.550  0.370  0.993  0.718  0.535  0.533  0.000  0.946  N    1  0.122  (287,184,511,304)
  63  0.549  0.400  1.000  0.942  0.454  0.736  0.042  0.808  N    1  0.062  (218,185,378,271)
  64  0.546  0.477  1.000  0.772  0.273  0.759  0.000  0.971  N    1  0.250  (216,94,536,266)
  65  0.545  0.288  0.964  0.884  0.651  0.552  0.000  0.951  N    1  0.159  (266,170,522,307)
  66  0.545  0.406  0.983  0.806  0.370  0.601  0.000  0.943  N    1  0.250  (284,142,604,314)
  67  0.542  0.332  0.988  0.755  0.438  0.331  0.000  0.948  N    1  0.122  (209,224,433,344)
  68  0.538  0.310  1.000  0.903  0.524  0.654  0.000  0.971  N    1  0.159  (237,142,493,279)
  69  0.534  0.341  0.985  0.813  0.302  0.333  0.000  0.939  N    1  0.122  (169,222,393,342)
  70  0.532  0.415  1.000  0.755  0.259  0.364  0.050  0.909  N    1  0.122  (297,218,521,338)
  71  0.532  0.283  1.000  0.755  0.514  0.355  0.000  0.870  N    1  0.090  (251,224,443,327)
  72  0.531  0.209  1.000  0.992  0.710  0.684  0.000  0.894  N    1  0.090  (212,180,404,283)
  73  0.530  0.265  0.992  0.884  0.510  0.468  0.000  0.940  N    1  0.122  (285,199,509,319)
  74  0.526  0.150  0.972  0.966  0.781  0.467  0.000  0.956  N    1  0.122  (206,205,430,325)
  75  0.522  0.237  1.000  0.874  0.664  0.650  0.000  0.894  N    1  0.090  (249,172,441,275)
  76  0.520  0.309  1.000  0.948  0.451  0.586  0.050  0.796  N    1  0.062  (297,186,457,272)
  77  0.519  0.211  1.000  0.904  0.675  0.633  0.000  0.824  N    1  0.062  (266,185,426,271)
  78  0.511  0.099  1.000  0.930  0.837  0.489  0.000  0.884  N    1  0.090  (223,207,415,310)
  79  0.509  0.706  1.000  0.460  0.116  0.696  0.188  0.785  N    1  0.250  (309,103,629,275)
  80  0.507  0.536  0.929  0.695  0.340  0.492  0.180  0.777  N    1  0.159  (110,187,366,324)
  81  0.507  0.225  0.964  0.942  0.619  0.695  0.000  0.976  N    1  0.159  (180,148,436,285)
  82  0.507  0.327  0.954  0.891  0.399  0.725  0.000  0.970  N    1  0.250  (100,119,420,291)
  83  0.502  0.251  0.990  0.848  0.571  0.708  0.000  0.979  N    1  0.122  (207,156,431,276)
  84  0.500  0.299  0.968  0.747  0.506  0.644  0.000  0.954  N    1  0.122  (160,180,384,300)
  85  0.491  0.220  1.000  0.943  0.429  0.638  0.000  0.966  N    1  0.159  (258,142,514,279)
  86  0.490  0.246  1.000  0.870  0.429  0.656  0.000  0.972  N    1  0.122  (251,150,475,270)
  87  0.484  0.159  1.000  0.921  0.388  0.339  0.000  0.871  N    1  0.090  (203,224,395,327)
  88  0.483  0.405  1.000  0.690  0.216  0.650  0.050  0.937  N    1  0.159  (297,140,553,277)
  89  0.479  0.311  0.999  0.864  0.313  0.610  0.066  0.894  N    1  0.122  (299,162,523,282)
  90  0.478  0.252  0.962  0.747  0.431  0.523  0.000  0.931  N    1  0.250  (278,172,598,344)
  91  0.464  0.314  0.937  0.719  0.401  0.631  0.042  0.935  N    1  0.159  (122,169,378,306)
  92  0.459  0.290  0.987  0.841  0.252  0.820  0.000  0.981  N    1  0.250  (122,95,442,267)
  93  0.437  0.145  0.967  0.929  0.420  0.720  0.000  0.972  N    1  0.159  (155,143,411,280)
  94  0.436  0.524  1.000  0.464  0.126  0.696  0.171  0.808  N    1  0.159  (298,125,554,262)
  95  0.370  0.287  1.000  0.760  0.261  0.728  0.222  0.779  N    1  0.159  (238,121,494,258)
  96  0.352  0.294  0.999  0.525  0.302  0.763  0.193  0.814  N    1  0.159  (202,122,458,259)
  97  0.349  0.275  1.000  0.684  0.191  0.672  0.222  0.769  N    1  0.122  (280,138,504,258)
  98  0.346  0.000  0.993  0.843  0.314  0.762  0.000  0.974  N    1  0.122  (173,150,397,270)
  99  0.328  0.107  0.971  0.644  0.204  0.736  0.042  0.950  N    1  0.159  (122,137,378,274)
 100  0.320  0.086  1.000  0.641  0.399  0.697  0.139  0.776  N    1  0.090  (246,158,438,261)
