图片: 18
候选框数量: 100
权重: W_AES=0.4 W_CONTENT=0.2 W_THIRDS=0.1 W_CENTER=0.3 W_DEP=-0.1 W_CLIP_PEN=0.4 W_MISSING_PEN=-0.5

排名  final   aes    con    3rd    ctr    dep    pen    msg    rule   L  i    area   box
   1  0.841  0.868  0.970  0.888  0.871  0.503  0.000  0.0  0.954  N    0  0.360  (494,512,1517,1279)
   2  0.828  0.857  0.868  0.547  1.000  0.427  0.000  0.0  0.972  N    0  0.360  (398,441,1421,1208)
   3  0.822  0.835  0.803  0.859  0.896  0.274  0.000  0.0  0.961  N    0  0.160  (625,612,1307,1123)
   4  0.807  0.984  0.849  0.943  0.664  0.502  0.000  0.0  0.953  N    0  0.360  (187,512,1210,1279)
   5  0.787  0.860  1.000  0.929  0.665  0.496  0.000  0.0  0.948  N    0  0.250  (553,640,1406,1279)
   6  0.782  0.726  0.915  0.851  0.911  0.500  0.000  0.0  0.968  N    0  0.360  (341,512,1364,1279)
   7  0.772  0.694  0.832  0.716  0.973  0.349  0.000  0.0  0.971  N    0  0.250  (451,534,1304,1173)
   8  0.770  0.824  0.983  0.916  0.676  0.501  0.000  0.0  0.960  N    0  0.250  (426,640,1279,1279)
   9  0.767  0.743  0.840  0.945  0.820  0.383  0.000  0.0  0.965  N    0  0.250  (370,559,1223,1198)
  10  0.765  0.724  0.670  0.798  0.923  0.152  0.000  0.0  0.978  N    0  0.160  (569,518,1251,1029)
  11  0.755  0.787  0.921  0.947  0.659  0.363  0.000  0.0  0.952  N    0  0.160  (635,675,1317,1186)
  12  0.747  0.685  0.784  0.906  0.863  0.329  0.000  0.0  0.970  N    0  0.250  (574,451,1427,1090)
  13  0.743  0.694  0.971  0.893  0.765  0.472  0.000  0.0  0.956  N    0  0.250  (492,622,1345,1261)
  14  0.743  0.631  0.793  0.648  0.991  0.308  0.000  0.0  0.973  N    0  0.250  (497,486,1350,1125)
  15  0.740  0.613  0.890  0.797  0.924  0.397  0.000  0.0  0.964  N    0  0.250  (483,569,1336,1208)
  16  0.733  0.691  0.815  0.929  0.814  0.437  0.000  0.0  0.964  N    0  0.360  (239,470,1262,1237)
  17  0.730  0.651  0.765  0.881  0.836  0.223  0.000  0.0  0.962  N    0  0.160  (671,569,1353,1080)
  18  0.730  0.618  0.807  0.923  0.847  0.250  0.000  0.0  0.961  N    0  0.122  (650,659,1247,1106)
  19  0.729  0.703  0.742  0.952  0.798  0.348  0.000  0.0  0.973  N    0  0.360  (239,393,1262,1160)
  20  0.728  0.664  0.729  0.883  0.833  0.214  0.000  0.0  0.973  N    0  0.160  (466,569,1148,1080)
  21  0.727  0.598  0.713  0.680  0.982  0.172  0.000  0.0  0.969  N    0  0.122  (640,603,1237,1050)
  22  0.723  0.815  0.928  0.878  0.541  0.391  0.000  0.0  0.943  N    0  0.250  (705,567,1558,1206)
  23  0.721  0.614  0.891  0.865  0.871  0.512  0.000  0.0  0.533  Y   -1  0.160  (0,756,682,1267)
  24  0.720  0.601  0.733  0.547  1.000  0.212  0.000  0.0  0.972  N    0  0.160  (569,569,1251,1080)
  25  0.716  0.785  0.975  0.976  0.493  0.388  0.000  0.0  0.945  N    0  0.160  (683,695,1365,1206)
  26  0.713  0.588  0.749  0.799  0.922  0.285  0.000  0.0  0.980  N    0  0.250  (483,441,1336,1080)
  27  0.711  0.570  0.898  0.867  0.866  0.433  0.000  0.0  0.514  Y   -1  0.122  (1,761,598,1208)
  28  0.709  0.478  1.000  0.828  0.908  0.373  0.000  0.0  0.523  Y   -1  0.122  (1105,761,1702,1208)
  29  0.709  0.545  0.816  0.861  0.902  0.291  0.000  0.0  0.967  N    0  0.160  (540,623,1222,1134)
  30  0.708  0.715  0.852  0.955  0.620  0.298  0.000  0.0  0.950  N    0  0.160  (714,631,1396,1142)
  31  0.706  0.711  0.745  0.901  0.680  0.218  0.000  0.0  0.961  N    0  0.160  (714,541,1396,1052)
  32  0.705  0.580  0.841  0.880  0.836  0.342  0.000  0.0  0.960  N    0  0.250  (611,505,1464,1144)
  33  0.698  0.594  0.762  0.882  0.834  0.304  0.000  0.0  0.970  N    0  0.250  (355,505,1208,1144)
  34  0.692  0.650  0.770  0.911  0.706  0.254  0.000  0.0  0.966  N    0  0.160  (431,595,1113,1106)
  35  0.690  0.513  0.705  0.786  0.947  0.189  0.000  0.0  0.978  N    0  0.160  (518,552,1200,1063)
  36  0.689  0.502  0.773  0.836  0.920  0.255  0.000  0.0  0.973  N    0  0.160  (511,598,1193,1109)
  37  0.685  0.672  0.805  0.835  0.671  0.292  0.000  0.0  0.537  Y   -1  0.122  (8,666,605,1113)
  38  0.685  0.907  0.663  0.674  0.472  0.193  0.000  0.0  0.574  Y   -1  0.160  (69,547,751,1058)
  39  0.683  0.415  1.000  0.880  0.881  0.352  0.000  0.0  0.430  Y   -1  0.090  (1195,821,1706,1204)
  40  0.680  0.546  0.902  0.908  0.786  0.456  0.000  0.0  0.549  Y   -1  0.160  (22,714,704,1225)
  41  0.680  0.902  0.774  0.682  0.466  0.440  0.000  0.0  0.949  N    0  0.360  (85,470,1108,1237)
  42  0.679  0.725  0.788  0.795  0.614  0.327  0.000  0.0  0.560  Y   -1  0.160  (29,629,711,1140)
  43  0.677  0.411  1.000  0.872  0.894  0.429  0.000  0.0  0.493  Y   -1  0.090  (1097,896,1608,1279)
  44  0.671  0.900  0.564  0.795  0.416  0.059  0.000  0.0  0.373  Y   -1  0.160  (0,447,682,958)
  45  0.667  0.510  0.793  0.971  0.774  0.245  0.000  0.0  0.968  N    0  0.122  (530,653,1127,1100)
  46  0.664  0.739  0.705  0.754  0.570  0.187  0.000  0.0  0.544  Y   -1  0.122  (0,602,597,1049)
  47  0.660  0.467  0.874  0.905  0.793  0.298  0.000  0.0  0.435  Y   -1  0.090  (0,729,511,1112)
  48  0.659  0.755  0.638  0.804  0.520  0.070  0.000  0.0  0.386  Y   -1  0.090  (212,579,723,962)
  49  0.659  0.587  0.885  0.990  0.641  0.442  0.000  0.0  0.956  N    0  0.250  (324,597,1177,1236)
  50  0.658  0.466  0.910  0.916  0.792  0.398  0.000  0.0  0.536  Y   -1  0.122  (92,738,689,1185)
  51  0.656  0.677  0.669  0.828  0.585  0.072  0.000  0.0  0.384  Y   -1  0.090  (0,583,511,966)
  52  0.649  0.573  0.832  0.852  0.669  0.321  0.000  0.0  0.546  Y   -1  0.122  (129,687,726,1134)
  53  0.648  0.635  0.715  0.838  0.610  0.159  0.000  0.0  0.961  N    0  0.122  (757,579,1354,1026)
  54  0.642  0.809  0.646  0.671  0.465  0.174  0.000  0.0  0.572  Y   -1  0.160  (32,535,714,1046)
  55  0.640  0.408  0.712  0.833  0.894  0.173  0.000  0.0  0.975  N    0  0.122  (541,602,1138,1049)
  56  0.640  0.671  0.700  0.775  0.558  0.139  0.000  0.0  0.459  Y   -1  0.090  (124,632,635,1015)
  57  0.635  0.704  0.813  0.821  0.493  0.387  0.000  0.0  0.950  N    0  0.250  (239,558,1092,1197)
  58  0.630  0.841  0.576  0.721  0.368  0.044  0.000  0.0  0.289  Y   -1  0.122  (101,484,698,931)
  59  0.629  0.792  0.590  0.764  0.409  0.046  0.000  0.0  0.314  Y   -1  0.122  (15,492,612,939)
  60  0.628  0.717  0.682  0.727  0.499  0.173  0.000  0.0  0.557  Y   -1  0.122  (128,594,725,1041)
  61  0.625  0.712  0.994  0.891  0.329  0.462  0.000  0.0  0.930  N    0  0.250  (761,622,1614,1261)
  62  0.624  0.687  0.632  0.968  0.484  0.188  0.000  0.0  0.890  N    0  0.250  (282,386,1135,1025)
  63  0.624  1.000  0.441  0.636  0.251  0.032  0.000  0.0  0.143  Y   -1  0.160  (25,385,707,896)
  64  0.624  0.867  0.814  0.799  0.922  0.425  0.500  0.0  0.981  N    0  0.360  (398,364,1421,1131)
  65  0.624  0.570  0.859  0.978  0.532  0.334  0.000  0.0  0.955  N    0  0.160  (409,649,1091,1160)
  66  0.622  0.442  0.842  0.883  0.721  0.280  0.000  0.0  0.449  Y   -1  0.090  (131,720,642,1103)
  67  0.621  0.694  0.868  0.949  0.423  0.276  0.062  0.0  0.921  N    0  0.122  (785,679,1382,1126)
  68  0.616  0.389  0.709  0.938  0.830  0.238  0.000  0.0  0.978  N    0  0.250  (372,455,1225,1094)
  69  0.616  0.582  0.745  0.789  0.579  0.187  0.000  0.0  0.465  Y   -1  0.090  (231,664,742,1047)
  70  0.612  0.536  0.666  0.926  0.620  0.145  0.000  0.0  0.974  N    0  0.160  (417,518,1099,1029)
  71  0.608  0.537  0.961  0.924  0.499  0.409  0.000  0.0  0.957  N    0  0.160  (482,705,1164,1216)
  72  0.608  0.813  0.775  0.688  0.424  0.351  0.081  0.0  0.878  N    0  0.250  (196,534,1049,1173)
  73  0.608  0.364  0.893  0.904  0.751  0.319  0.000  0.0  0.450  Y   -1  0.090  (219,749,730,1132)
  74  0.608  0.507  0.741  0.819  0.641  0.174  0.000  0.0  0.446  Y   -1  0.090  (17,653,528,1036)
  75  0.606  0.248  0.908  0.713  0.974  0.383  0.000  0.0  0.390  Y   -1  0.062  (1161,960,1587,1279)
  76  0.605  0.348  0.698  0.881  0.836  0.130  0.000  0.0  0.889  N    0  0.090  (731,633,1242,1016)
  77  0.597  0.645  0.628  0.759  0.476  0.049  0.000  0.0  0.286  Y   -1  0.090  (98,560,609,943)
  78  0.596  0.265  0.755  0.795  0.925  0.178  0.000  0.0  0.891  N    0  0.090  (654,671,1165,1054)
  79  0.588  0.172  0.933  0.702  0.978  0.305  0.000  0.0  0.324  Y   -1  0.040  (1250,1017,1591,1272)
  80  0.586  0.243  0.890  0.774  0.946  0.502  0.000  0.0  0.510  Y   -1  0.122  (94,832,691,1279)
  81  0.584  0.186  1.000  0.881  0.888  0.443  0.000  0.0  0.612  Y   -1  0.090  (1195,896,1706,1279)
  82  0.580  0.507  0.942  0.954  0.480  0.507  0.000  0.0  0.948  N    0  0.250  (298,640,1151,1279)
  83  0.574  0.674  0.982  0.801  0.304  0.473  0.041  0.0  0.935  N    0  0.160  (486,758,1168,1269)
  84  0.568  0.506  0.719  0.777  0.572  0.272  0.000  0.0  0.964  N    0  0.250  (260,484,1113,1123)
  85  0.559  0.236  0.695  0.879  0.838  0.133  0.000  0.0  0.895  N    0  0.090  (577,633,1088,1016)
  86  0.557  0.454  0.706  0.797  0.643  0.171  0.053  0.0  0.947  N    0  0.122  (464,599,1061,1046)
  87  0.554  0.488  0.897  0.955  0.438  0.474  0.000  0.0  0.947  N    0  0.250  (253,616,1106,1255)
  88  0.553  0.699  0.913  0.881  0.835  0.478  0.500  0.0  0.957  N    0  0.360  (552,441,1575,1208)
  89  0.544  0.158  0.696  0.549  1.000  0.132  0.000  0.0  0.896  N    0  0.090  (654,633,1165,1016)
  90  0.533  0.115  0.882  0.756  0.951  0.507  0.000  0.0  0.501  Y   -1  0.122  (4,832,601,1279)
  91  0.529  0.018  0.999  0.759  0.958  0.409  0.000  0.0  0.536  Y   -1  0.062  (1280,960,1706,1279)
  92  0.528  0.000  1.000  0.754  0.955  0.335  0.000  0.0  0.452  Y   -1  0.040  (1348,1024,1689,1279)
  93  0.525  0.785  1.000  0.852  0.266  0.458  0.269  0.0  0.665  Y    0  0.250  (829,617,1682,1256)
  94  0.516  0.098  0.651  0.803  0.919  0.097  0.000  0.0  0.879  N    0  0.090  (654,594,1165,977)
  95  0.481  0.049  0.738  0.964  0.781  0.168  0.000  0.0  0.888  N    0  0.090  (571,662,1082,1045)
  96  0.469  0.251  0.949  0.871  0.426  0.358  0.000  0.0  0.958  N    0  0.122  (540,737,1137,1184)
  97  0.455  0.762  0.842  0.853  0.470  0.449  0.500  0.0  0.956  N    0  0.250  (731,441,1584,1080)
  98  0.451  0.161  0.879  0.726  0.549  0.264  0.000  0.0  0.883  N    0  0.090  (647,738,1158,1121)
  99  0.416  0.055  0.848  0.979  0.504  0.250  0.000  0.0  0.875  N    0  0.090  (564,724,1075,1107)
 100  0.383  0.666  0.905  0.750  0.207  0.517  0.375  0.0  0.552  Y    0  0.250  (108,639,961,1278)
