图片: 1909
候选框数量: 100
权重: W_AES=0.45 W_CONTENT=0.25 W_THIRDS=0.15 W_CENTER=0.15 W_DEP=-0.1 W_CLIP_PEN=0.4 W_MISSING_PEN=-0.5

排名  final   aes    con    3rd    ctr    dep    pen    msg    rule   L  i    area   box
   1  0.830  0.891  0.924  0.901  0.871  0.676  0.000  0.0  0.955  N    0  0.360  (192,171,480,532)
   2  0.783  0.922  0.962  0.892  0.337  0.569  0.000  0.0  0.978  N    1  0.250  (161,183,401,484)
   3  0.769  0.795  0.899  0.872  0.863  0.739  0.000  0.0  0.951  N    0  0.360  (174,207,462,568)
   4  0.767  0.801  0.896  0.881  0.837  0.748  0.000  0.0  0.951  N    0  0.360  (170,211,458,572)
   5  0.756  0.935  0.947  0.760  0.285  0.582  0.000  0.0  0.977  N    0  0.250  (146,206,386,507)
   6  0.752  0.731  0.905  0.916  0.807  0.619  0.000  0.0  0.949  N    0  0.250  (198,246,438,547)
   7  0.749  0.697  0.969  0.944  0.676  0.496  0.000  0.0  0.956  N    0  0.159  (222,250,414,490)
   8  0.748  0.710  0.923  0.886  0.883  0.680  0.000  0.0  0.954  N    0  0.360  (192,174,480,535)
   9  0.746  0.676  0.944  0.935  0.823  0.577  0.000  0.0  0.955  N    0  0.250  (210,208,450,509)
  10  0.745  0.890  0.864  0.852  0.549  0.816  0.000  0.0  0.954  N    0  0.360  (138,241,426,602)
  11  0.742  0.745  0.937  0.904  0.635  0.587  0.000  0.0  0.961  N    0  0.250  (183,217,423,518)
  12  0.733  0.736  0.854  0.909  0.811  0.704  0.000  0.0  0.923  N    0  0.250  (240,289,480,590)
  13  0.724  0.655  0.916  0.865  0.874  0.607  0.000  0.0  0.948  N    0  0.250  (206,237,446,538)
  14  0.720  0.696  0.899  0.751  0.958  0.738  0.000  0.0  0.945  N    0  0.360  (192,207,480,568)
  15  0.718  0.919  0.858  0.810  0.251  0.695  0.000  0.0  0.956  N    0  0.250  (144,286,384,587)
  16  0.703  0.594  0.942  0.799  0.921  0.577  0.000  0.0  0.945  N    0  0.250  (237,210,477,511)
  17  0.697  0.573  0.944  0.835  0.905  0.574  0.000  0.0  0.945  N    0  0.250  (240,207,480,508)
  18  0.696  0.662  0.864  0.852  0.905  0.814  0.000  0.0  0.936  N    0  0.360  (192,241,480,602)
  19  0.678  0.609  0.895  0.739  0.958  0.747  0.000  0.0  0.944  N    0  0.360  (192,211,480,572)
  20  0.678  0.528  1.000  0.716  0.969  0.439  0.047  0.0  0.759  N    1  0.090  (276,303,420,483)
  21  0.669  0.501  0.948  0.878  0.881  0.573  0.000  0.0  0.949  N    0  0.250  (229,204,469,505)
  22  0.662  0.620  0.983  0.992  0.621  0.506  0.134  0.0  0.600  N    2  0.159  (224,225,416,465)
  23  0.658  0.470  0.941  0.859  0.881  0.499  0.000  0.0  0.946  N    0  0.159  (237,268,429,508)
  24  0.650  0.486  0.946  0.639  0.992  0.496  0.000  0.0  0.940  N    0  0.159  (259,264,451,504)
  25  0.643  0.829  0.864  0.653  0.249  0.815  0.000  0.0  0.967  N    2  0.360  (95,241,383,602)
  26  0.641  0.482  0.911  0.883  0.835  0.612  0.000  0.0  0.949  N    0  0.250  (201,241,441,542)
  27  0.633  0.549  0.982  0.911  0.812  0.506  0.167  0.0  0.495  N    2  0.159  (258,220,450,460)
  28  0.624  0.632  0.984  0.899  0.386  0.507  0.120  0.0  0.645  N    2  0.159  (201,227,393,467)
  29  0.621  0.525  0.978  0.855  0.411  0.500  0.000  0.0  0.904  N    2  0.159  (201,241,393,481)
  30  0.618  0.477  0.910  0.582  0.999  0.611  0.000  0.0  0.936  N    0  0.250  (240,241,480,542)
  31  0.612  0.330  0.978  0.883  0.887  0.469  0.000  0.0  0.945  N    2  0.122  (255,272,423,482)
  32  0.609  0.583  0.948  0.987  0.532  0.561  0.154  0.0  0.553  N    2  0.250  (197,161,437,462)
  33  0.609  0.380  0.914  0.970  0.777  0.520  0.000  0.0  0.921  N    0  0.159  (288,297,480,537)
  34  0.603  0.350  0.940  0.883  0.853  0.498  0.000  0.0  0.929  N    0  0.159  (288,268,480,508)
  35  0.602  0.370  1.000  0.888  0.770  0.446  0.047  0.0  0.745  N    2  0.090  (311,298,455,478)
  36  0.601  0.576  0.884  0.769  0.469  0.645  0.000  0.0  0.956  N    0  0.250  (165,261,405,562)
  37  0.595  0.335  1.000  0.888  0.830  0.442  0.047  0.0  0.765  N    2  0.090  (263,301,407,481)
  38  0.595  0.465  0.941  0.986  0.736  0.468  0.154  0.0  0.515  N    1  0.122  (246,321,414,531)
  39  0.593  0.358  1.000  0.644  0.990  0.446  0.047  0.0  0.752  N    2  0.090  (290,298,434,478)
  40  0.586  0.416  0.910  0.550  1.000  0.611  0.000  0.0  0.937  N    0  0.250  (237,241,477,542)
  41  0.577  0.442  0.901  0.992  0.713  0.545  0.120  0.0  0.589  N    1  0.159  (288,316,480,556)
  42  0.573  0.287  1.000  0.799  0.927  0.436  0.053  0.0  0.732  N    1  0.090  (299,306,443,486)
  43  0.572  0.472  0.951  0.845  0.679  0.558  0.127  0.0  0.616  N    2  0.250  (233,165,473,466)
  44  0.570  0.535  0.853  0.902  0.358  0.730  0.000  0.0  0.944  N    2  0.250  (165,301,405,602)
  45  0.569  0.352  0.890  0.701  0.978  0.634  0.000  0.0  0.932  N    0  0.250  (240,256,480,557)
  46  0.569  0.248  0.975  0.851  0.902  0.495  0.000  0.0  0.943  N    1  0.159  (266,244,458,484)
  47  0.565  0.265  1.000  0.835  0.894  0.446  0.047  0.0  0.759  N    2  0.090  (268,298,412,478)
  48  0.563  0.585  0.881  0.669  0.295  0.648  0.000  0.0  0.962  N    0  0.250  (145,263,385,564)
  49  0.562  0.360  0.981  0.990  0.717  0.502  0.127  0.0  0.597  N    2  0.159  (288,226,480,466)
  50  0.559  0.322  0.947  0.835  0.920  0.464  0.100  0.0  0.689  N    1  0.122  (280,313,448,523)
  51  0.547  0.213  0.972  0.797  0.923  0.494  0.000  0.0  0.943  N    0  0.159  (261,247,453,487)
  52  0.545  0.354  0.851  0.959  0.683  0.731  0.000  0.0  0.928  N    2  0.250  (214,301,454,602)
  53  0.540  0.418  1.000  0.626  0.474  0.444  0.047  0.0  0.770  N    2  0.090  (241,299,385,479)
  54  0.538  0.502  0.853  0.852  0.289  0.729  0.000  0.0  0.948  N    2  0.250  (155,301,395,602)
  55  0.535  0.256  1.000  0.553  1.000  0.442  0.047  0.0  0.757  N    2  0.090  (285,301,429,481)
  56  0.535  0.284  0.915  0.594  0.998  0.605  0.000  0.0  0.937  N    0  0.250  (240,237,480,538)
  57  0.533  0.197  0.927  0.895  0.858  0.505  0.000  0.0  0.944  N    0  0.159  (235,278,427,518)
  58  0.531  0.173  0.954  0.917  0.846  0.494  0.000  0.0  0.932  N    0  0.159  (287,259,479,499)
  59  0.530  0.180  0.976  0.701  0.976  0.468  0.000  0.0  0.940  N    1  0.122  (274,274,442,484)
  60  0.528  0.257  0.875  0.789  0.939  0.655  0.000  0.0  0.929  N    0  0.250  (240,267,480,568)
  61  0.527  0.363  0.922  0.749  0.481  0.511  0.000  0.0  0.952  N    0  0.159  (204,285,396,525)
  62  0.524  0.216  0.924  0.655  0.989  0.506  0.000  0.0  0.935  N    0  0.159  (260,280,452,520)
  63  0.519  0.173  0.937  0.882  0.833  0.501  0.000  0.0  0.947  N    0  0.159  (232,271,424,511)
  64  0.507  0.197  0.970  0.842  0.644  0.466  0.000  0.0  0.926  N    0  0.122  (312,279,480,489)
  65  0.506  0.215  1.000  0.682  0.982  0.425  0.120  0.0  0.529  N    1  0.090  (290,316,434,496)
  66  0.506  0.141  0.936  0.867  0.854  0.499  0.000  0.0  0.928  N    0  0.159  (288,271,480,511)
  67  0.503  0.130  1.000  0.888  0.830  0.442  0.047  0.0  0.750  N    2  0.090  (307,301,451,481)
  68  0.501  0.204  0.870  0.799  0.921  0.664  0.000  0.0  0.929  N    0  0.250  (237,271,477,572)
  69  0.500  0.157  0.941  0.633  0.993  0.498  0.000  0.0  0.936  N    0  0.159  (266,268,458,508)
  70  0.491  0.124  0.915  0.797  0.923  0.518  0.000  0.0  0.931  N    0  0.159  (261,295,453,535)
  71  0.473  0.241  0.975  0.690  0.430  0.469  0.000  0.0  0.958  N    0  0.122  (219,276,387,486)
  72  0.472  0.075  0.917  0.805  0.935  0.515  0.000  0.0  0.930  N    0  0.159  (266,292,458,532)
  73  0.453  0.082  0.937  0.545  1.000  0.499  0.000  0.0  0.937  N    0  0.159  (261,271,453,511)
  74  0.437  0.000  0.957  0.929  0.694  0.461  0.000  0.0  0.846  N    1  0.122  (307,303,475,513)
  75  0.432  0.102  0.903  0.896  0.838  0.543  0.114  0.0  0.616  N    1  0.159  (264,315,456,555)
  76  0.427  0.250  0.945  0.819  0.387  0.465  0.140  0.0  0.563  N    1  0.122  (218,319,386,529)
  77  0.416  0.292  1.000  0.549  0.404  0.443  0.160  0.0  0.494  N    2  0.090  (336,301,480,481)
  78  0.342  1.000  0.814  0.589  0.998  0.500  0.000  1.0  0.560  Y   -1  0.250  (25,164,265,465)
  79  0.292  0.894  0.823  0.557  1.000  0.502  0.000  1.0  0.567  Y   -1  0.250  (69,177,309,478)
  80  0.267  0.836  0.789  0.613  0.996  0.474  0.000  1.0  0.565  Y   -1  0.250  (37,117,277,418)
  81  0.244  0.782  0.781  0.592  0.998  0.413  0.000  1.0  0.533  Y   -1  0.250  (5,38,245,339)
  82  0.243  0.780  0.792  0.607  0.996  0.468  0.000  1.0  0.579  Y   -1  0.250  (79,118,319,419)
  83  0.238  0.767  0.793  0.619  0.995  0.477  0.000  1.0  0.555  Y   -1  0.250  (8,116,248,417)
  84  0.232  0.768  0.774  0.585  0.998  0.447  0.000  1.0  0.550  Y   -1  0.250  (23,80,263,381)
  85  0.227  0.756  0.775  0.591  0.998  0.447  0.000  1.0  0.544  Y   -1  0.250  (7,78,247,379)
  86  0.223  0.727  0.796  0.573  0.999  0.394  0.000  1.0  0.549  Y   -1  0.250  (79,7,319,308)
  87  0.222  0.751  0.766  0.572  0.999  0.428  0.000  1.0  0.544  Y   -1  0.250  (23,58,263,359)
  88  0.218  0.730  0.783  0.593  0.998  0.453  0.000  1.0  0.571  Y   -1  0.250  (74,94,314,395)
  89  0.207  0.694  0.796  0.569  0.999  0.391  0.000  1.0  0.530  Y   -1  0.250  (25,0,265,301)
  90  0.200  0.672  0.800  0.579  0.999  0.393  0.000  1.0  0.522  Y   -1  0.250  (0,4,240,305)
  91  0.184  0.664  0.772  0.575  0.999  0.436  0.000  1.0  0.568  Y   -1  0.250  (83,73,323,374)
  92  0.176  0.619  0.775  0.591  0.998  0.343  0.000  1.0  0.483  N   -1  0.122  (131,228,299,438)
  93  0.172  0.603  0.799  0.600  0.997  0.385  0.000  1.0  0.487  N   -1  0.159  (108,176,300,416)
  94  0.170  0.626  0.778  0.570  0.999  0.413  0.000  1.0  0.556  Y   -1  0.250  (73,41,313,342)
  95  0.160  0.586  0.787  0.593  0.998  0.393  0.000  1.0  0.482  N   -1  0.159  (115,212,307,452)
  96  0.137  0.517  0.790  0.608  0.996  0.344  0.000  1.0  0.478  N   -1  0.122  (92,197,260,407)
  97  0.136  0.516  0.792  0.604  0.997  0.340  0.000  1.0  0.486  N   -1  0.122  (117,194,285,404)
  98  0.104  0.451  0.782  0.577  0.999  0.310  0.000  1.0  0.480  N   -1  0.122  (155,123,323,333)
  99  0.099  0.436  0.791  0.622  0.994  0.378  0.000  1.0  0.480  N   -1  0.159  (107,151,299,391)
 100  0.031  0.284  0.778  0.608  0.996  0.324  0.000  1.0  0.478  N   -1  0.122  (126,151,294,361)
