图片: 19
候选框数量: 100
权重: W_AES=0.4 W_CONTENT=0.2 W_THIRDS=0.1 W_CENTER=0.3 W_DEP=-0.1 W_CLIP_PEN=0.4 W_MISSING_PEN=-0.5

排名  final   aes    con    3rd    ctr    dep    pen    msg    rule   L  i    area   box
   1  0.393  1.000  0.819  0.609  0.996  0.303  0.000  1.0  0.469  N    1  0.250  (0,610,2032,2134)
   2  0.381  0.975  0.816  0.617  0.995  0.326  0.000  1.0  0.566  Y    1  0.360  (0,447,2438,2275)
   3  0.372  0.951  0.800  0.738  0.959  0.303  0.000  1.0  0.386  Y    1  0.360  (446,319,2884,2147)
   4  0.361  0.016  0.758  0.965  0.688  1.000  0.000  0.0  0.672  N    0  0.040  (0,2439,812,3048)
   5  0.354  0.903  0.812  0.564  1.000  0.265  0.000  1.0  0.420  N    1  0.250  (616,825,2648,2349)
   6  0.341  0.404  0.765  0.475  0.127  0.591  0.000  0.0  0.920  Y    0  0.250  (0,1524,2032,3048)
   7  0.339  0.347  0.772  0.621  0.187  0.717  0.000  0.0  0.904  N    0  0.160  (0,1829,1625,3048)
   8  0.338  0.866  0.825  0.584  0.999  0.312  0.000  1.0  0.446  N    1  0.250  (0,568,2032,2092)
   9  0.338  0.867  0.817  0.631  0.994  0.333  0.000  1.0  0.364  N    1  0.250  (0,416,2032,1940)
  10  0.336  0.870  0.826  0.554  1.000  0.322  0.000  1.0  0.413  N    1  0.250  (0,507,2032,2031)
  11  0.336  0.885  0.779  0.820  0.923  0.332  0.000  1.0  0.390  Y    1  0.360  (0,81,2438,1909)
  12  0.334  0.854  0.815  0.687  0.981  0.328  0.000  1.0  0.355  N    1  0.250  (231,424,2263,1948)
  13  0.312  0.794  0.779  0.615  0.996  0.214  0.000  1.0  0.383  Y    1  0.250  (595,1106,2627,2630)
  14  0.311  0.759  0.809  0.702  0.978  0.187  0.000  1.0  0.408  Y   -1  0.122  (2316,242,3738,1308)
  15  0.311  0.798  0.830  0.558  1.000  0.302  0.000  1.0  0.450  N    1  0.250  (312,652,2344,2176)
  16  0.310  0.355  0.770  0.384  0.096  0.532  0.000  0.0  0.936  Y    0  0.360  (0,1220,2438,3048)
  17  0.305  0.737  0.822  0.698  0.978  0.176  0.000  1.0  0.516  Y   -1  0.160  (2360,194,3985,1413)
  18  0.305  0.762  0.799  0.623  0.995  0.208  0.000  1.0  0.381  Y    1  0.360  (1055,1189,3493,3017)
  19  0.304  0.731  0.843  0.611  0.996  0.174  0.000  1.0  0.328  Y   -1  0.122  (2642,197,4064,1263)
  20  0.301  0.745  0.804  0.678  0.982  0.200  0.000  1.0  0.355  N   -1  0.090  (2340,429,3559,1343)
  21  0.299  0.770  0.751  0.622  0.994  0.190  0.000  1.0  0.381  Y    1  0.250  (651,1297,2683,2821)
  22  0.299  0.728  0.823  0.650  0.990  0.190  0.000  1.0  0.437  N   -1  0.122  (2438,624,3860,1690)
  23  0.298  0.748  0.793  0.620  0.995  0.206  0.000  1.0  0.378  Y    1  0.360  (1055,1220,3493,3048)
  24  0.297  0.739  0.830  0.688  0.980  0.272  0.000  1.0  0.364  Y    1  0.360  (812,502,3250,2330)
  25  0.295  0.753  0.829  0.590  0.998  0.303  0.000  1.0  0.397  N    1  0.250  (482,644,2514,2168)
  26  0.291  0.712  0.816  0.678  0.981  0.188  0.000  1.0  0.450  N   -1  0.160  (2191,696,3816,1915)
  27  0.289  0.000  0.769  0.947  0.645  1.000  0.134  0.0  0.431  N    0  0.040  (29,2435,841,3044)
  28  0.288  0.707  0.803  0.657  0.989  0.180  0.000  1.0  0.442  N   -1  0.160  (2416,1114,4041,2333)
  29  0.285  0.066  0.797  0.951  0.445  1.000  0.073  0.0  0.633  N    0  0.062  (0,2269,1016,3031)
  30  0.283  0.689  0.807  0.737  0.967  0.180  0.000  1.0  0.530  Y   -1  0.160  (2190,203,3815,1422)
  31  0.279  0.147  0.784  0.724  0.240  0.803  0.000  0.0  0.896  N    0  0.122  (0,1982,1422,3048)
  32  0.279  0.679  0.816  0.697  0.979  0.189  0.000  1.0  0.429  N   -1  0.122  (2350,403,3772,1469)
  33  0.278  0.698  0.786  0.632  0.993  0.195  0.000  1.0  0.495  Y    1  0.360  (689,1220,3127,3048)
  34  0.276  0.718  0.796  0.720  0.971  0.335  0.000  1.0  0.492  N    1  0.360  (0,264,2438,2092)
  35  0.272  0.650  0.841  0.636  0.992  0.179  0.000  1.0  0.416  N   -1  0.122  (2642,379,4064,1445)
  36  0.268  0.649  0.822  0.667  0.987  0.192  0.000  1.0  0.445  N   -1  0.160  (2439,777,4064,1996)
  37  0.266  0.642  0.821  0.678  0.984  0.180  0.000  1.0  0.507  Y   -1  0.160  (2370,421,3995,1640)
  38  0.266  0.640  0.820  0.713  0.975  0.182  0.000  1.0  0.515  Y   -1  0.160  (2222,393,3847,1612)
  39  0.261  0.655  0.756  0.653  0.988  0.137  0.000  1.0  0.509  Y   -1  0.122  (2426,1576,3848,2642)
  40  0.260  0.632  0.829  0.645  0.990  0.196  0.000  1.0  0.352  N   -1  0.090  (2573,545,3792,1459)
  41  0.258  0.664  0.734  0.647  0.990  0.166  0.000  1.0  0.378  Y    1  0.250  (628,1524,2660,3048)
  42  0.257  0.017  0.801  0.847  0.323  0.912  0.000  0.0  0.813  N    0  0.090  (0,2134,1219,3048)
  43  0.254  0.605  0.858  0.612  0.996  0.199  0.000  1.0  0.326  N   -1  0.062  (2201,1216,3217,1978)
  44  0.253  0.655  0.688  0.643  0.992  0.079  0.000  1.0  0.344  Y    1  0.160  (0,1107,1625,2326)
  45  0.252  0.642  0.759  0.624  0.994  0.170  0.000  1.0  0.361  N   -1  0.090  (2631,1375,3850,2289)
  46  0.250  0.609  0.826  0.622  0.994  0.194  0.000  1.0  0.446  N   -1  0.122  (2642,949,4064,2015)
  47  0.247  0.595  0.826  0.653  0.990  0.185  0.000  1.0  0.430  N   -1  0.122  (2642,645,4064,1711)
  48  0.247  0.600  0.824  0.634  0.992  0.192  0.000  1.0  0.346  N   -1  0.090  (2580,427,3799,1341)
  49  0.244  0.637  0.683  0.604  0.997  0.072  0.000  1.0  0.390  Y    1  0.160  (0,1338,1625,2557)
  50  0.241  0.617  0.754  0.624  0.994  0.169  0.000  1.0  0.355  N   -1  0.090  (2819,1354,4038,2268)
  51  0.241  0.612  0.758  0.640  0.991  0.166  0.000  1.0  0.429  N   -1  0.122  (2642,1348,4064,2414)
  52  0.240  0.591  0.820  0.599  0.997  0.194  0.000  1.0  0.372  N   -1  0.090  (2634,1172,3853,2086)
  53  0.239  0.620  0.753  0.656  0.988  0.215  0.000  1.0  0.570  Y    1  0.250  (0,869,2032,2393)
  54  0.237  0.603  0.757  0.632  0.993  0.165  0.000  1.0  0.513  Y   -1  0.160  (2439,1829,4064,3048)
  55  0.234  0.596  0.749  0.661  0.988  0.168  0.000  1.0  0.567  Y    1  0.250  (74,970,2106,2494)
  56  0.234  0.565  0.824  0.638  0.992  0.182  0.000  1.0  0.435  N   -1  0.122  (2642,743,4064,1809)
  57  0.232  0.570  0.813  0.625  0.994  0.187  0.000  1.0  0.453  N   -1  0.160  (2237,1050,3862,2269)
  58  0.232  0.563  0.820  0.681  0.982  0.203  0.000  1.0  0.362  N   -1  0.090  (2383,585,3602,1499)
  59  0.231  0.561  0.818  0.655  0.989  0.188  0.000  1.0  0.450  N   -1  0.160  (2431,953,4056,2172)
  60  0.227  0.560  0.805  0.608  0.996  0.180  0.000  1.0  0.362  N   -1  0.090  (2845,1194,4064,2108)
  61  0.224  0.555  0.784  0.666  0.987  0.170  0.000  1.0  0.519  Y   -1  0.160  (2439,1248,4064,2467)
  62  0.216  0.550  0.753  0.628  0.994  0.159  0.000  1.0  0.533  Y   -1  0.160  (2260,1448,3885,2667)
  63  0.214  0.514  0.827  0.606  0.997  0.170  0.000  1.0  0.364  N   -1  0.090  (2844,980,4063,1894)
  64  0.211  0.543  0.747  0.631  0.992  0.160  0.000  1.0  0.525  Y   -1  0.160  (2439,1427,4064,2646)
  65  0.211  0.388  0.773  0.340  0.086  0.475  0.278  0.0  0.463  Y    0  0.360  (0,1153,2438,2981)
  66  0.209  0.505  0.819  0.647  0.989  0.181  0.000  1.0  0.435  N   -1  0.160  (2439,583,4064,1802)
  67  0.209  0.507  0.785  0.616  0.996  0.111  0.000  1.0  0.350  N   -1  0.090  (2375,1788,3594,2702)
  68  0.208  0.508  0.818  0.623  0.994  0.193  0.000  1.0  0.458  N   -1  0.160  (2212,963,3837,2182)
  69  0.207  0.549  0.674  0.611  0.996  0.070  0.000  1.0  0.367  Y    1  0.160  (34,1275,1659,2494)
  70  0.202  0.515  0.741  0.672  0.983  0.145  0.000  1.0  0.344  N   -1  0.090  (2845,1538,4064,2452)
  71  0.201  0.517  0.753  0.597  0.998  0.155  0.000  1.0  0.524  Y   -1  0.160  (2439,1618,4064,2837)
  72  0.200  0.495  0.818  0.596  0.998  0.202  0.000  1.0  0.458  N   -1  0.122  (2352,1012,3774,2078)
  73  0.197  0.486  0.799  0.632  0.993  0.181  0.000  1.0  0.439  N   -1  0.122  (2642,1168,4064,2234)
  74  0.194  0.486  0.760  0.667  0.985  0.141  0.000  1.0  0.363  N   -1  0.090  (2356,1545,3575,2459)
  75  0.192  0.498  0.783  0.637  0.993  0.251  0.000  1.0  0.494  N    1  0.250  (380,880,2412,2404)
  76  0.191  0.444  0.836  0.714  0.971  0.161  0.000  1.0  0.345  N   -1  0.090  (2845,605,4064,1519)
  77  0.188  0.481  0.758  0.621  0.995  0.163  0.000  1.0  0.515  Y   -1  0.160  (2393,1829,4018,3048)
  78  0.187  0.452  0.829  0.617  0.996  0.197  0.000  1.0  0.381  N   -1  0.090  (2355,1199,3574,2113)
  79  0.187  0.480  0.755  0.604  0.997  0.152  0.000  1.0  0.531  Y   -1  0.160  (2261,1623,3886,2842)
  80  0.184  0.443  0.819  0.687  0.982  0.202  0.000  1.0  0.373  N   -1  0.090  (2317,756,3536,1670)
  81  0.184  0.464  0.759  0.626  0.994  0.143  0.000  1.0  0.500  Y   -1  0.122  (2642,1597,4064,2663)
  82  0.177  0.448  0.766  0.582  0.999  0.130  0.000  1.0  0.335  N   -1  0.090  (2845,1712,4064,2626)
  83  0.176  0.440  0.773  0.655  0.989  0.164  0.000  1.0  0.438  N   -1  0.122  (2431,1345,3853,2411)
  84  0.176  0.415  0.827  0.637  0.992  0.163  0.000  1.0  0.354  N   -1  0.090  (2845,792,4064,1706)
  85  0.174  0.438  0.770  0.568  0.999  0.118  0.000  1.0  0.344  N   -1  0.090  (2343,1910,3562,2824)
  86  0.173  0.451  0.735  0.629  0.993  0.155  0.000  1.0  0.489  Y   -1  0.122  (2388,1982,3810,3048)
  87  0.164  0.395  0.839  0.580  0.999  0.197  0.000  1.0  0.388  N   -1  0.090  (2276,1000,3495,1914)
  88  0.163  0.416  0.765  0.573  0.999  0.134  0.000  1.0  0.500  Y   -1  0.122  (2410,1772,3832,2838)
  89  0.160  0.417  0.754  0.580  0.999  0.154  0.000  1.0  0.526  Y   -1  0.160  (2189,1771,3814,2990)
  90  0.158  0.386  0.796  0.658  0.989  0.179  0.000  1.0  0.445  N   -1  0.122  (2417,1217,3839,2283)
  91  0.156  0.387  0.794  0.628  0.994  0.179  0.000  1.0  0.377  N   -1  0.090  (2298,1326,3517,2240)
  92  0.156  0.374  0.816  0.647  0.991  0.187  0.000  1.0  0.445  N   -1  0.122  (2419,774,3841,1840)
  93  0.154  0.392  0.771  0.573  0.999  0.142  0.000  1.0  0.491  Y   -1  0.122  (2571,1814,3993,2880)
  94  0.153  0.383  0.756  0.658  0.988  0.140  0.000  1.0  0.332  N   -1  0.090  (2368,2134,3587,3048)
  95  0.147  0.358  0.817  0.612  0.995  0.192  0.000  1.0  0.372  N   -1  0.090  (2569,926,3788,1840)
  96  0.146  0.376  0.751  0.586  0.999  0.131  0.000  1.0  0.330  N   -1  0.090  (2640,1953,3859,2867)
  97  0.145  0.356  0.779  0.592  0.998  0.119  0.000  1.0  0.342  N   -1  0.090  (2572,1782,3791,2696)
  98  0.139  0.359  0.743  0.676  0.985  0.162  0.000  1.0  0.479  Y   -1  0.122  (2642,1982,4064,3048)
  99  0.135  0.322  0.818  0.641  0.991  0.193  0.000  1.0  0.366  N   -1  0.090  (2590,813,3809,1727)
 100  0.126  0.315  0.757  0.680  0.981  0.140  0.000  1.0  0.355  N   -1  0.090  (2539,1562,3758,2476)
