图片: 3012
候选框数量: 100
权重: W_AES=0.45 W_CONTENT=0.25 W_THIRDS=0.15 W_CENTER=0.15 W_DEP=-0.1 W_CLIP_PEN=0.4 W_MISSING_PEN=-0.5

排名  final   aes    con    3rd    ctr    dep    pen    msg    rule   L  i    area   box
   1  0.778  0.860  0.905  0.941  0.824  1.000  0.000  0.0  0.945  N    0  0.359  (38,170,428,423)
   2  0.777  1.000  0.920  0.738  0.575  1.000  0.000  0.0  0.945  N    1  0.249  (210,212,535,423)
   3  0.766  0.856  0.901  0.747  0.960  1.000  0.000  0.0  0.959  N    0  0.359  (96,170,486,423)
   4  0.759  0.820  0.902  0.876  0.889  1.000  0.000  0.0  0.968  N    0  0.359  (129,169,519,422)
   5  0.742  0.787  0.920  0.882  0.837  1.000  0.000  0.0  0.958  N    1  0.249  (173,209,498,420)
   6  0.738  0.779  0.924  0.761  0.948  1.000  0.000  0.0  0.945  N    1  0.249  (98,209,423,420)
   7  0.717  0.831  0.905  0.856  0.591  1.000  0.000  0.0  0.954  N    0  0.359  (188,170,578,423)
   8  0.697  0.741  0.922  0.553  1.000  1.000  0.000  0.0  0.951  N    1  0.249  (125,209,450,420)
   9  0.645  0.686  0.923  0.766  0.605  1.000  0.000  0.0  0.927  N    1  0.249  (43,212,368,423)
  10  0.635  0.834  0.904  0.525  0.364  1.000  0.000  0.0  0.922  N    1  0.249  (9,210,334,421)
  11  0.375  0.857  0.987  0.874  0.894  0.227  0.000  1.0  0.590  Y   -1  0.160  (341,100,601,269)
  12  0.361  0.824  1.000  0.804  0.922  0.187  0.000  1.0  0.650  Y   -1  0.160  (324,71,584,240)
  13  0.326  0.826  0.877  0.938  0.716  0.134  0.000  1.0  0.467  Y   -1  0.160  (79,0,339,169)
  14  0.298  0.717  0.957  0.715  0.973  0.173  0.000  1.0  0.416  Y   -1  0.122  (423,24,650,172)
  15  0.288  0.676  0.951  0.858  0.906  0.185  0.000  1.0  0.628  Y   -1  0.122  (333,111,560,259)
  16  0.287  0.711  0.905  0.951  0.724  0.103  0.000  1.0  0.315  Y   -1  0.122  (76,5,303,153)
  17  0.269  0.631  0.937  0.908  0.831  0.099  0.000  1.0  0.495  Y   -1  0.122  (34,1,261,149)
  18  0.258  0.619  0.915  0.902  0.862  0.139  0.000  1.0  0.527  Y   -1  0.160  (44,4,304,173)
  19  0.244  0.598  0.960  0.673  0.984  0.135  0.000  1.0  0.567  Y   -1  0.089  (329,111,524,237)
  20  0.243  0.553  0.981  0.834  0.921  0.149  0.000  1.0  0.517  Y   -1  0.122  (79,30,306,178)
  21  0.235  0.601  0.880  0.861  0.894  0.188  0.000  1.0  0.619  Y   -1  0.249  (325,0,650,211)
  22  0.217  0.528  0.933  0.863  0.902  0.183  0.000  1.0  0.535  Y   -1  0.160  (359,25,619,194)
  23  0.215  0.546  0.886  0.878  0.888  0.167  0.000  1.0  0.749  Y   -1  0.122  (290,53,517,201)
  24  0.215  0.517  0.938  0.875  0.886  0.165  0.000  1.0  0.624  Y   -1  0.160  (88,21,348,190)
  25  0.212  0.510  0.946  0.796  0.931  0.134  0.000  1.0  0.502  Y   -1  0.160  (11,5,271,174)
  26  0.208  0.596  0.852  0.938  0.666  0.136  0.000  1.0  0.547  Y   -1  0.160  (111,1,371,170)
  27  0.208  0.517  0.923  0.953  0.805  0.191  0.000  1.0  0.633  Y   -1  0.160  (324,26,584,195)
  28  0.208  0.516  0.905  0.912  0.859  0.164  0.000  1.0  0.719  Y   -1  0.160  (111,19,371,188)
  29  0.207  0.567  0.823  0.976  0.764  0.148  0.000  1.0  0.742  Y   -1  0.122  (288,33,515,181)
  30  0.205  0.482  0.974  0.894  0.862  0.183  0.000  1.0  0.561  Y   -1  0.122  (344,55,571,203)
  31  0.200  0.489  0.943  0.826  0.920  0.182  0.000  1.0  0.451  Y   -1  0.122  (391,27,618,175)
  32  0.199  0.461  1.000  0.815  0.909  0.175  0.000  1.0  0.585  Y   -1  0.122  (340,75,567,223)
  33  0.199  0.486  0.965  0.745  0.962  0.173  0.000  1.0  0.519  Y   -1  0.160  (378,43,638,212)
  34  0.197  0.519  0.870  0.936  0.825  0.184  0.000  1.0  0.406  Y   -1  0.160  (352,3,612,172)
  35  0.192  0.596  0.828  0.942  0.558  0.083  0.000  1.0  0.233  Y   -1  0.122  (122,0,349,148)
  36  0.189  0.547  0.819  0.964  0.730  0.161  0.000  1.0  0.741  Y   -1  0.160  (194,16,454,185)
  37  0.188  0.428  1.000  0.816  0.931  0.170  0.000  1.0  0.465  Y   -1  0.089  (128,77,323,203)
  38  0.187  0.640  0.868  0.732  0.573  0.138  0.000  1.0  0.520  Y   -1  0.040  (259,75,389,159)
  39  0.185  0.740  0.810  0.616  0.460  0.118  0.000  1.0  0.349  Y   -1  0.040  (259,67,389,151)
  40  0.181  0.492  0.846  0.939  0.826  0.170  0.000  1.0  0.752  Y   -1  0.160  (161,22,421,191)
  41  0.177  0.455  0.894  0.847  0.882  0.104  0.000  1.0  0.404  Y   -1  0.040  (336,121,466,205)
  42  0.175  0.491  0.909  0.871  0.746  0.153  0.000  1.0  0.566  Y   -1  0.040  (259,83,389,167)
  43  0.170  0.435  0.929  0.802  0.934  0.178  0.000  1.0  0.533  Y   -1  0.160  (380,21,640,190)
  44  0.170  0.488  0.829  0.983  0.744  0.158  0.000  1.0  0.738  Y   -1  0.160  (280,18,540,187)
  45  0.170  0.450  0.875  0.936  0.826  0.160  0.000  1.0  0.749  Y   -1  0.122  (166,33,393,181)
  46  0.169  0.458  0.872  0.970  0.772  0.164  0.000  1.0  0.595  Y   -1  0.122  (327,30,554,178)
  47  0.163  0.569  0.736  0.976  0.575  0.093  0.000  1.0  0.389  Y   -1  0.122  (295,3,522,151)
  48  0.163  0.401  0.934  0.977  0.757  0.110  0.000  1.0  0.246  Y   -1  0.089  (133,31,328,157)
  49  0.159  0.538  0.847  0.851  0.599  0.123  0.000  1.0  0.441  Y   -1  0.062  (217,52,379,157)
  50  0.157  0.383  0.963  0.799  0.930  0.160  0.000  1.0  0.556  Y   -1  0.089  (329,80,524,206)
  51  0.155  0.529  0.771  0.962  0.625  0.135  0.000  1.0  0.557  Y   -1  0.160  (279,0,539,169)
  52  0.154  0.525  0.800  0.909  0.643  0.145  0.000  1.0  0.620  Y   -1  0.160  (159,5,419,174)
  53  0.153  0.414  0.882  0.968  0.770  0.143  0.000  1.0  0.597  Y   -1  0.122  (137,24,364,172)
  54  0.153  0.413  0.886  0.856  0.904  0.181  0.000  1.0  0.755  Y   -1  0.160  (155,33,415,202)
  55  0.153  0.404  0.945  0.700  0.977  0.169  0.000  1.0  0.682  Y   -1  0.089  (295,82,490,208)
  56  0.150  0.413  0.868  0.909  0.861  0.179  0.000  1.0  0.764  Y   -1  0.160  (194,33,454,202)
  57  0.150  0.370  0.936  0.878  0.891  0.157  0.000  1.0  0.617  Y   -1  0.089  (167,51,362,177)
  58  0.148  0.578  0.769  0.851  0.546  0.135  0.000  1.0  0.576  Y   -1  0.160  (191,0,451,169)
  59  0.148  0.396  0.894  0.842  0.917  0.180  0.000  1.0  0.420  Y   -1  0.160  (390,5,650,174)
  60  0.146  0.434  0.847  0.989  0.722  0.175  0.000  1.0  0.590  Y   -1  0.160  (307,7,567,176)
  61  0.144  0.440  0.835  0.994  0.703  0.171  0.000  1.0  0.249  Y   -1  0.122  (343,6,570,154)
  62  0.138  0.382  0.867  0.915  0.856  0.160  0.000  1.0  0.673  Y   -1  0.089  (297,60,492,186)
  63  0.131  0.329  0.959  0.785  0.936  0.146  0.000  1.0  0.394  Y   -1  0.062  (352,86,514,191)
  64  0.131  0.479  0.818  0.856  0.639  0.135  0.000  1.0  0.453  Y   -1  0.062  (318,58,480,163)
  65  0.131  0.354  0.891  0.945  0.819  0.159  0.000  1.0  0.681  Y   -1  0.089  (202,52,397,178)
  66  0.130  0.329  0.916  0.870  0.897  0.125  0.000  1.0  0.524  Y   -1  0.040  (237,120,367,204)
  67  0.129  0.501  0.799  0.856  0.568  0.106  0.000  1.0  0.452  Y   -1  0.122  (162,7,389,155)
  68  0.125  0.331  0.902  0.900  0.872  0.151  0.000  1.0  0.536  Y   -1  0.089  (332,60,527,186)
  69  0.124  0.374  0.834  0.938  0.828  0.175  0.000  1.0  0.755  Y   -1  0.160  (233,33,493,202)
  70  0.118  0.348  0.862  0.889  0.868  0.180  0.000  1.0  0.760  Y   -1  0.122  (247,55,474,203)
  71  0.116  0.296  1.000  0.678  0.983  0.160  0.000  1.0  0.510  Y   -1  0.040  (232,96,362,180)
  72  0.115  0.348  0.842  0.917  0.851  0.177  0.000  1.0  0.764  Y   -1  0.122  (219,48,446,196)
  73  0.111  0.274  0.942  0.942  0.823  0.128  0.000  1.0  0.381  Y   -1  0.062  (184,56,346,161)
  74  0.106  0.531  0.748  0.766  0.512  0.112  0.000  1.0  0.428  Y   -1  0.089  (288,30,483,156)
  75  0.101  0.383  0.834  0.926  0.626  0.123  0.000  1.0  0.477  Y   -1  0.089  (200,33,395,159)
  76  0.101  0.303  0.856  0.954  0.806  0.130  0.000  1.0  0.369  Y   -1  0.062  (346,60,508,165)
  77  0.101  0.399  0.808  0.852  0.719  0.164  0.000  1.0  0.681  Y   -1  0.089  (256,54,451,180)
  78  0.100  0.299  0.877  0.848  0.909  0.175  0.000  1.0  0.692  Y   -1  0.089  (227,67,422,193)
  79  0.097  0.405  0.891  0.765  0.607  0.136  0.000  1.0  0.492  Y   -1  0.040  (240,75,370,159)
  80  0.096  0.271  0.931  0.782  0.947  0.177  0.000  1.0  0.754  Y   -1  0.122  (162,49,389,197)
  81  0.096  0.345  0.833  0.916  0.740  0.165  0.000  1.0  0.688  Y   -1  0.089  (227,54,422,180)
  82  0.094  0.322  0.832  0.916  0.809  0.174  0.000  1.0  0.757  Y   -1  0.160  (221,29,481,198)
  83  0.092  0.261  0.912  0.843  0.909  0.162  0.000  1.0  0.558  Y   -1  0.062  (312,81,474,186)
  84  0.090  0.371  0.802  0.931  0.612  0.087  0.000  1.0  0.237  Y   -1  0.089  (173,21,368,147)
  85  0.084  0.414  0.786  0.810  0.634  0.158  0.000  1.0  0.748  Y   -1  0.122  (243,32,470,180)
  86  0.075  0.234  0.859  0.900  0.871  0.109  0.000  1.0  0.530  Y   -1  0.040  (289,123,419,207)
  87  0.073  0.436  0.785  0.762  0.540  0.144  0.000  1.0  0.593  Y   -1  0.089  (227,41,422,167)
  88  0.072  0.209  1.000  0.634  0.993  0.165  0.000  1.0  0.436  Y   -1  0.062  (170,82,332,187)
  89  0.068  0.228  0.893  0.787  0.943  0.168  0.000  1.0  0.621  Y   -1  0.062  (263,82,425,187)
  90  0.064  0.386  0.745  0.872  0.576  0.132  0.000  1.0  0.576  Y   -1  0.160  (243,1,503,170)
  91  0.062  0.391  0.773  0.818  0.562  0.140  0.000  1.0  0.627  Y   -1  0.122  (214,21,441,169)
  92  0.058  0.220  0.882  0.738  0.967  0.177  0.000  1.0  0.690  Y   -1  0.089  (250,76,445,202)
  93  0.056  0.176  0.978  0.674  0.986  0.169  0.000  1.0  0.622  Y   -1  0.062  (222,86,384,191)
  94  0.022  0.488  0.654  0.615  0.374  0.095  0.000  1.0  0.379  Y   -1  0.122  (250,2,477,150)
  95  0.005  0.399  0.642  0.767  0.391  0.092  0.000  1.0  0.346  Y   -1  0.122  (217,0,444,148)
  96  0.001  0.221  0.850  0.773  0.580  0.138  0.000  1.0  0.515  Y   -1  0.040  (279,75,409,159)
  97  -0.011  0.285  0.788  0.682  0.498  0.137  0.000  1.0  0.507  Y   -1  0.062  (265,56,427,161)
  98  -0.021  0.000  0.951  0.747  0.964  0.157  0.000  1.0  0.565  Y   -1  0.040  (287,96,417,180)
  99  -0.022  0.004  0.929  0.815  0.916  0.153  0.000  1.0  0.449  Y   -1  0.040  (326,93,456,177)
 100  -0.025  0.356  0.716  0.617  0.361  0.108  0.000  1.0  0.386  Y   -1  0.089  (240,26,435,152)
