图片: 3145
候选框数量: 100
权重: W_AES=0.45 W_CONTENT=0.25 W_THIRDS=0.15 W_CENTER=0.15 W_DEP=-0.1 W_PEN=0.4

排名  final   aes    con    3rd    ctr    dep    pen    rule   L  i    area   box
   1  0.659  0.862  0.623  0.861  0.871  0.827  0.155  0.953  N    3  0.360  (96,297,710,757)
   2  0.547  1.000  0.618  0.974  0.512  0.801  0.500  0.992  N    3  0.250  (255,153,767,536)
   3  0.537  0.922  0.627  0.686  0.983  0.846  0.500  0.953  N    3  0.250  (58,271,570,654)
   4  0.520  0.871  0.625  0.808  0.916  0.865  0.500  0.969  N    3  0.122  (137,247,495,515)
   5  0.509  0.892  0.627  0.882  0.714  0.884  0.500  0.953  N    3  0.250  (15,147,527,530)
   6  0.492  0.795  0.625  0.873  0.891  0.866  0.500  0.967  N    3  0.250  (80,217,592,600)
   7  0.492  0.809  0.627  0.874  0.848  0.874  0.500  0.961  N    3  0.159  (76,215,485,521)
   8  0.485  0.802  0.626  0.676  0.982  0.814  0.500  0.955  N    3  0.159  (76,274,485,580)
   9  0.463  0.763  0.627  0.594  0.998  0.754  0.500  0.961  N    3  0.122  (145,294,503,562)
  10  0.462  0.676  0.625  0.809  0.935  0.811  0.448  0.961  N    3  0.250  (126,280,638,663)
  11  0.457  0.718  0.626  0.844  0.914  0.866  0.500  0.952  N    2  0.250  (0,228,512,611)
  12  0.449  0.683  0.633  0.814  0.914  0.752  0.500  0.979  N    3  0.122  (267,301,625,569)
  13  0.438  0.671  0.624  0.915  0.857  0.854  0.500  0.983  N    3  0.159  (198,230,607,536)
  14  0.435  0.686  0.624  0.932  0.801  0.894  0.500  0.968  N    3  0.250  (71,178,583,561)
  15  0.430  0.690  0.627  0.892  0.782  0.887  0.500  0.962  N    3  0.122  (143,209,501,477)
  16  0.428  0.729  0.621  0.802  0.651  0.732  0.500  0.960  N    5  0.250  (274,371,786,754)
  17  0.423  0.662  0.621  0.945  0.743  0.838  0.500  0.982  N    3  0.250  (224,256,736,639)
  18  0.420  0.627  0.628  0.865  0.896  0.837  0.500  0.953  N    3  0.159  (11,235,420,541)
  19  0.400  0.616  0.616  0.567  1.000  0.657  0.500  0.958  N    5  0.122  (196,347,554,615)
  20  0.400  0.618  0.622  0.871  0.746  0.766  0.500  0.964  N    5  0.250  (233,345,745,728)
  21  0.398  0.590  0.630  0.793  0.927  0.829  0.500  0.959  N    3  0.122  (75,251,433,519)
  22  0.397  0.619  0.630  0.592  0.998  0.770  0.500  0.969  N    3  0.122  (194,295,552,563)
  23  0.395  0.601  0.627  0.663  0.986  0.801  0.500  0.964  N    3  0.159  (141,277,550,583)
  24  0.393  0.598  0.618  0.988  0.724  0.876  0.500  0.988  N    3  0.250  (178,191,690,574)
  25  0.392  0.545  0.623  0.819  0.907  0.683  0.500  0.961  N    5  0.122  (270,391,628,659)
  26  0.387  0.563  0.622  0.938  0.823  0.864  0.500  0.978  N    3  0.250  (156,223,668,606)
  27  0.385  0.592  0.618  0.997  0.685  0.882  0.500  0.985  N    3  0.360  (112,153,726,613)
  28  0.382  0.539  0.619  0.875  0.847  0.736  0.500  0.951  N    7  0.159  (258,429,667,735)
  29  0.380  0.532  0.629  0.915  0.849  0.811  0.500  0.982  N    3  0.159  (250,273,659,579)
  30  0.378  0.425  0.625  0.760  0.948  0.753  0.375  0.951  N    4  0.250  (121,326,633,709)
  31  0.376  0.554  0.619  0.987  0.733  0.866  0.500  0.987  N    3  0.250  (200,214,712,597)
  32  0.375  0.516  0.629  0.830  0.898  0.731  0.500  0.970  N    4  0.159  (235,322,644,628)
  33  0.374  0.660  0.600  0.854  0.512  0.772  0.500  0.969  N    3  0.122  (257,156,615,424)
  34  0.374  0.695  0.625  0.713  0.555  0.856  0.500  0.951  N    3  0.159  (118,137,527,443)
  35  0.372  0.634  0.623  0.821  0.644  0.891  0.500  0.955  N    3  0.250  (56,124,568,507)
  36  0.370  0.579  0.619  0.938  0.646  0.828  0.500  0.992  N    3  0.250  (255,229,767,612)
  37  0.367  0.492  0.622  0.814  0.912  0.688  0.500  0.961  N    5  0.159  (228,357,637,663)
  38  0.358  0.513  0.626  0.859  0.866  0.881  0.500  0.970  N    3  0.159  (127,221,536,527)
  39  0.351  0.458  0.625  0.842  0.886  0.699  0.500  0.971  N    5  0.122  (279,350,637,618)
  40  0.349  0.547  0.621  0.811  0.661  0.739  0.500  0.967  N    5  0.159  (326,375,735,681)
  41  0.348  0.473  0.627  0.971  0.776  0.836  0.500  0.991  N    3  0.159  (256,237,665,543)
  42  0.347  0.570  0.621  0.778  0.623  0.748  0.500  0.964  N    5  0.250  (286,341,798,724)
  43  0.346  0.517  0.624  0.909  0.726  0.883  0.500  0.969  N    3  0.159  (173,183,582,489)
  44  0.342  0.574  0.618  0.931  0.510  0.864  0.500  0.968  N    3  0.250  (169,104,681,487)
  45  0.342  0.576  0.602  0.898  0.479  0.748  0.500  0.990  N    5  0.159  (368,230,777,536)
  46  0.334  0.512  0.622  0.883  0.644  0.816  0.500  0.984  N    3  0.250  (269,257,781,640)
  47  0.331  0.467  0.623  0.989  0.672  0.847  0.500  0.982  N    3  0.159  (246,192,655,498)
  48  0.320  0.400  0.631  0.874  0.887  0.823  0.500  0.986  N    3  0.122  (249,254,607,522)
  49  0.318  0.414  0.619  0.895  0.787  0.758  0.500  0.954  N    5  0.250  (214,379,726,762)
  50  0.317  0.487  0.625  0.838  0.697  0.891  0.500  0.962  N    3  0.159  (138,173,547,479)
  51  0.315  0.463  0.617  0.981  0.586  0.823  0.500  1.000  N    3  0.250  (255,191,767,574)
  52  0.315  0.445  0.622  0.965  0.639  0.813  0.500  1.000  N    4  0.159  (307,230,716,536)
  53  0.312  0.486  0.590  0.968  0.501  0.741  0.500  0.987  N    4  0.122  (335,188,693,456)
  54  0.307  0.370  0.624  0.738  0.959  0.697  0.500  0.962  N    5  0.159  (199,331,608,637)
  55  0.306  0.406  0.624  0.868  0.740  0.738  0.500  0.976  N    5  0.122  (330,360,688,628)
  56  0.304  0.406  0.628  0.919  0.758  0.868  0.500  0.972  N    3  0.122  (215,205,573,473)
  57  0.304  0.444  0.618  0.941  0.615  0.844  0.500  0.990  N    3  0.360  (204,199,818,659)
  58  0.303  0.358  0.620  0.735  0.961  0.672  0.500  0.955  N    5  0.159  (198,365,607,671)
  59  0.301  0.379  0.627  0.850  0.891  0.876  0.500  0.977  N    3  0.122  (200,239,558,507)
  60  0.299  0.479  0.620  0.843  0.585  0.859  0.500  0.966  N    3  0.159  (195,150,604,456)
  61  0.295  0.358  0.628  0.762  0.954  0.807  0.500  0.973  N    3  0.159  (186,271,595,577)
  62  0.294  0.402  0.619  0.842  0.702  0.735  0.500  0.960  N    5  0.159  (312,419,721,725)
  63  0.287  0.466  0.611  0.938  0.405  0.769  0.500  0.986  N    4  0.360  (296,153,910,613)
  64  0.285  0.388  0.623  0.960  0.615  0.822  0.500  0.979  N    4  0.122  (280,189,638,457)
  65  0.283  0.532  0.521  0.880  0.346  0.702  0.500  0.976  N    4  0.159  (316,123,725,429)
  66  0.282  0.524  0.543  0.891  0.327  0.720  0.500  0.978  N    5  0.250  (382,179,894,562)
  67  0.280  0.424  0.618  0.960  0.450  0.773  0.500  0.987  N    4  0.250  (308,171,820,554)
  68  0.276  0.501  0.620  0.683  0.491  0.804  0.500  0.959  N    3  0.122  (212,144,570,412)
  69  0.276  0.354  0.624  0.860  0.728  0.777  0.500  0.981  N    4  0.159  (303,317,712,623)
  70  0.271  0.506  0.568  0.835  0.338  0.746  0.500  0.974  N    4  0.250  (311,109,823,492)
  71  0.269  0.361  0.620  0.824  0.677  0.731  0.500  0.967  N    5  0.122  (349,398,707,666)
  72  0.262  0.392  0.616  0.951  0.474  0.823  0.500  0.990  N    3  0.360  (204,107,818,567)
  73  0.260  0.495  0.627  0.580  0.438  0.720  0.500  0.957  N    5  0.250  (366,316,878,699)
  74  0.258  0.543  0.512  0.778  0.264  0.707  0.500  0.965  N    5  0.250  (369,113,881,496)
  75  0.255  0.340  0.617  0.988  0.551  0.835  0.500  1.000  N    3  0.360  (204,153,818,613)
  76  0.252  0.404  0.537  0.947  0.431  0.705  0.500  0.980  N    4  0.122  (325,161,683,429)
  77  0.250  0.434  0.603  0.784  0.413  0.758  0.500  0.973  N    5  0.250  (366,237,878,620)
  78  0.248  0.292  0.623  0.928  0.689  0.817  0.500  0.994  N    4  0.159  (307,260,716,566)
  79  0.248  0.306  0.627  0.841  0.701  0.776  0.500  0.987  N    4  0.122  (342,305,700,573)
  80  0.248  0.373  0.610  0.926  0.434  0.768  0.500  0.988  N    4  0.250  (332,191,844,574)
  81  0.247  0.370  0.619  0.734  0.575  0.707  0.500  0.952  N    5  0.159  (355,423,764,729)
  82  0.245  0.304  0.619  0.994  0.569  0.812  0.500  0.993  N    4  0.159  (307,199,716,505)
  83  0.233  0.273  0.616  0.836  0.694  0.731  0.500  0.956  N    7  0.122  (344,450,702,718)
  84  0.215  0.529  0.456  0.646  0.212  0.661  0.500  0.956  N    4  0.250  (348,59,860,442)
  85  0.214  0.300  0.619  0.737  0.578  0.730  0.500  0.964  N    5  0.159  (354,366,763,672)
  86  0.213  0.312  0.621  0.751  0.543  0.771  0.500  0.981  N    5  0.159  (364,281,773,587)
  87  0.211  0.447  0.509  0.758  0.263  0.701  0.500  0.965  N    4  0.250  (307,64,819,447)
  88  0.211  0.296  0.622  0.725  0.566  0.717  0.500  0.961  N    5  0.122  (382,399,740,667)
  89  0.206  0.265  0.617  0.959  0.461  0.810  0.500  0.980  N    3  0.250  (231,114,743,497)
  90  0.205  0.272  0.596  0.898  0.493  0.751  0.500  0.990  N    5  0.122  (387,241,745,509)
  91  0.180  0.240  0.624  0.711  0.552  0.736  0.500  0.973  N    5  0.122  (386,341,744,609)
  92  0.178  0.322  0.590  0.672  0.385  0.727  0.500  0.965  N    5  0.250  (387,264,899,647)
  93  0.177  0.127  0.627  0.974  0.657  0.812  0.500  0.997  N    4  0.122  (331,239,689,507)
  94  0.143  0.172  0.562  0.903  0.409  0.721  0.500  0.985  N    5  0.159  (388,217,797,523)
  95  0.139  0.069  0.624  0.864  0.683  0.798  0.500  0.987  N    4  0.159  (317,286,726,592)
  96  0.138  0.158  0.623  0.698  0.540  0.748  0.500  0.973  N    5  0.159  (367,314,776,620)
  97  0.136  0.218  0.531  0.869  0.310  0.722  0.500  0.968  N    3  0.250  (237,51,749,434)
  98  0.131  0.221  0.573  0.732  0.380  0.782  0.500  0.954  N    3  0.159  (201,95,610,401)
  99  0.078  0.033  0.618  0.698  0.514  0.733  0.500  0.981  N    5  0.122  (397,291,755,559)
 100  0.070  0.000  0.584  0.910  0.434  0.772  0.500  0.969  N    3  0.159  (252,124,661,430)
