图片: 3627
候选框数量: 100
权重: W_AES=0.45 W_CONTENT=0.25 W_THIRDS=0.15 W_CENTER=0.15 W_DEP=-0.1 W_PEN=0.4

排名  final   aes    con    3rd    ctr    dep    pen    rule   L  i    area   box
   1  0.626  0.962  0.960  0.709  0.976  0.993  0.500  0.181  N    0  0.250  (413,204,1013,654)
   2  0.626  1.000  0.921  0.548  1.000  0.865  0.500  0.161  N    8  0.360  (368,304,1088,844)
   3  0.616  0.915  0.976  0.978  0.759  1.000  0.500  0.179  N    0  0.250  (204,178,804,628)
   4  0.616  0.983  0.978  0.884  0.643  1.000  0.500  0.193  N    0  0.250  (287,193,887,643)
   5  0.606  0.907  0.956  0.793  0.934  1.000  0.500  0.168  N    1  0.250  (106,188,706,638)
   6  0.601  0.893  0.946  0.870  0.868  0.975  0.500  0.179  N    1  0.250  (191,260,791,710)
   7  0.600  0.907  0.941  0.921  0.792  1.000  0.500  0.156  N    0  0.360  (36,88,756,628)
   8  0.598  0.868  0.968  0.875  0.893  1.000  0.500  0.187  N    0  0.250  (364,199,964,649)
   9  0.585  0.912  0.938  0.548  1.000  0.924  0.500  0.170  N    0  0.360  (368,250,1088,790)
  10  0.582  0.876  0.947  0.645  0.990  0.946  0.500  0.180  N    0  0.250  (406,259,1006,709)
  11  0.581  0.830  0.969  0.909  0.859  1.000  0.500  0.173  N    0  0.250  (164,175,764,625)
  12  0.581  0.843  0.957  0.964  0.782  1.000  0.500  0.180  N    0  0.360  (144,142,864,682)
  13  0.578  0.909  0.917  0.572  0.999  0.957  0.500  0.161  N    1  0.360  (52,261,772,801)
  14  0.570  0.817  0.934  0.949  0.800  0.933  0.500  0.167  N    0  0.360  (480,184,1200,724)
  15  0.568  0.830  0.964  0.994  0.696  1.000  0.500  0.171  N    0  0.360  (144,88,864,628)
  16  0.554  0.802  0.965  0.998  0.683  1.000  0.500  0.182  N    0  0.360  (252,88,972,628)
  17  0.551  0.793  0.928  0.883  0.766  0.856  0.500  0.161  N    8  0.250  (537,266,1137,716)
  18  0.532  0.718  0.954  0.969  0.769  0.905  0.500  0.161  N    0  0.250  (525,176,1125,626)
  19  0.524  0.737  0.967  0.899  0.775  1.000  0.500  0.186  N    1  0.160  (284,264,764,624)
  20  0.523  0.712  0.961  0.924  0.824  1.000  0.500  0.166  N    0  0.250  (405,112,1005,562)
  21  0.517  0.707  0.961  0.963  0.759  1.000  0.500  0.169  N    0  0.360  (316,63,1036,603)
  22  0.514  0.696  0.941  0.973  0.769  0.950  0.500  0.162  N    0  0.360  (480,149,1200,689)
  23  0.504  0.732  0.928  0.611  0.996  0.979  0.500  0.168  N    1  0.250  (102,256,702,706)
  24  0.500  0.659  0.960  0.962  0.792  1.000  0.500  0.167  N    0  0.250  (166,141,766,591)
  25  0.495  0.781  0.928  0.752  0.596  0.903  0.500  0.156  N    0  0.250  (600,248,1200,698)
  26  0.494  0.658  0.941  0.987  0.735  0.959  0.500  0.157  N    0  0.360  (480,120,1200,660)
  27  0.493  0.667  0.942  0.890  0.828  1.000  0.500  0.159  N    1  0.250  (114,133,714,583)
  28  0.491  0.654  0.973  0.945  0.744  1.000  0.500  0.183  N    0  0.160  (288,227,768,587)
  29  0.489  0.650  0.923  0.899  0.822  0.918  0.500  0.158  N    0  0.360  (480,238,1200,778)
  30  0.482  0.746  0.929  0.767  0.596  0.903  0.500  0.158  N    0  0.250  (600,238,1200,688)
  31  0.480  0.620  0.928  0.933  0.811  0.925  0.500  0.164  N    0  0.360  (480,203,1200,743)
  32  0.478  0.671  0.893  0.908  0.754  0.966  0.500  0.156  N    1  0.250  (0,247,600,697)
  33  0.469  0.646  0.975  0.974  0.592  1.000  0.500  0.179  N    0  0.250  (251,146,851,596)
  34  0.463  0.640  0.967  0.961  0.596  1.000  0.500  0.161  N    0  0.360  (144,34,864,574)
  35  0.457  0.670  0.941  0.815  0.585  0.897  0.500  0.156  N    0  0.250  (600,203,1200,653)
  36  0.453  0.578  0.966  0.687  0.979  0.983  0.500  0.178  N    6  0.160  (196,269,676,629)
  37  0.453  0.577  0.963  0.996  0.685  1.000  0.500  0.171  N    0  0.250  (204,133,804,583)
  38  0.450  0.660  0.933  0.766  0.609  0.862  0.500  0.159  N    8  0.160  (654,258,1134,618)
  39  0.448  0.563  0.981  0.979  0.685  1.000  0.500  0.184  N    0  0.250  (316,146,916,596)
  40  0.433  0.638  0.972  0.927  0.428  1.000  0.500  0.165  N    0  0.360  (208,9,928,549)
  41  0.431  0.498  0.972  0.948  0.816  1.000  0.500  0.172  N    1  0.160  (239,206,719,566)
  42  0.428  0.566  0.961  0.904  0.649  1.000  0.500  0.159  N    0  0.360  (316,9,1036,549)
  43  0.427  0.509  0.955  0.772  0.950  0.997  0.500  0.168  N    1  0.160  (134,259,614,619)
  44  0.426  0.503  0.947  0.891  0.854  0.992  0.500  0.162  N    1  0.160  (96,255,576,615)
  45  0.424  0.644  0.971  0.893  0.386  1.000  0.500  0.160  N    0  0.360  (182,0,902,540)
  46  0.418  0.463  0.981  0.878  0.886  1.000  0.500  0.181  N    0  0.160  (432,218,912,578)
  47  0.418  0.480  0.968  0.975  0.757  1.000  0.500  0.167  N    0  0.250  (376,99,976,549)
  48  0.413  0.523  0.960  0.990  0.594  1.000  0.500  0.163  N    0  0.250  (204,88,804,538)
  49  0.411  0.519  0.957  0.965  0.626  1.000  0.500  0.160  N    0  0.250  (187,85,787,535)
  50  0.406  0.460  0.956  0.931  0.748  0.914  0.500  0.159  N    0  0.160  (592,214,1072,574)
  51  0.403  0.439  0.973  0.965  0.780  1.000  0.500  0.177  N    1  0.160  (264,214,744,574)
  52  0.400  0.553  0.970  0.939  0.452  1.000  0.500  0.164  N    0  0.360  (212,0,932,540)
  53  0.399  0.494  0.975  0.959  0.594  1.000  0.500  0.183  N    0  0.250  (294,133,894,583)
  54  0.396  0.457  0.976  0.912  0.731  1.000  0.500  0.189  N    0  0.160  (373,219,853,579)
  55  0.387  0.545  0.938  0.719  0.560  0.840  0.500  0.158  N    8  0.122  (701,296,1121,611)
  56  0.387  0.487  0.960  0.889  0.630  1.000  0.500  0.158  N    0  0.360  (316,0,1036,540)
  57  0.380  0.469  0.961  0.924  0.598  1.000  0.500  0.161  N    0  0.360  (290,0,1010,540)
  58  0.376  0.379  0.948  0.929  0.814  0.926  0.500  0.159  N    0  0.122  (606,224,1026,539)
  59  0.365  0.445  0.945  0.981  0.520  0.971  0.500  0.162  N    0  0.160  (286,111,766,471)
  60  0.365  0.519  0.934  0.885  0.364  0.894  0.500  0.159  N    0  0.250  (290,0,890,450)
  61  0.365  0.364  0.962  0.753  0.961  0.971  0.500  0.169  N    0  0.160  (500,201,980,561)
  62  0.363  0.376  0.980  0.891  0.769  1.000  0.500  0.189  N    0  0.122  (407,244,827,559)
  63  0.363  0.446  0.946  0.965  0.482  0.914  0.500  0.159  N    0  0.250  (332,17,932,467)
  64  0.361  0.395  0.970  0.999  0.608  1.000  0.500  0.171  N    0  0.250  (326,83,926,533)
  65  0.358  0.389  0.960  0.991  0.564  0.904  0.500  0.169  N    0  0.122  (404,126,824,441)
  66  0.354  0.492  0.965  0.877  0.378  0.964  0.500  0.160  N    0  0.250  (270,21,870,471)
  67  0.344  0.388  0.973  0.907  0.602  1.000  0.500  0.180  N    0  0.160  (336,178,816,538)
  68  0.344  0.301  0.976  0.901  0.862  1.000  0.500  0.161  N    1  0.160  (192,178,672,538)
  69  0.342  0.297  0.974  0.930  0.839  1.000  0.500  0.162  N    1  0.160  (204,176,684,536)
  70  0.339  0.382  0.959  0.884  0.633  1.000  0.500  0.157  N    0  0.360  (320,0,1040,540)
  71  0.337  0.291  0.969  0.852  0.910  1.000  0.500  0.160  N    1  0.160  (146,203,626,563)
  72  0.336  0.333  0.969  0.980  0.648  1.000  0.500  0.176  N    0  0.160  (299,178,779,538)
  73  0.333  0.280  0.972  0.872  0.887  1.000  0.500  0.179  N    0  0.122  (460,227,880,542)
  74  0.332  0.371  0.957  0.968  0.499  0.938  0.500  0.167  N    0  0.160  (367,92,847,452)
  75  0.331  0.384  0.963  0.960  0.491  1.000  0.500  0.166  N    0  0.250  (243,79,843,529)
  76  0.326  0.285  0.966  0.991  0.718  1.000  0.500  0.171  N    1  0.160  (264,178,744,538)
  77  0.320  0.337  0.965  0.970  0.510  0.949  0.500  0.169  N    0  0.160  (364,99,844,459)
  78  0.319  0.301  0.960  0.886  0.737  0.996  0.500  0.157  N    0  0.250  (417,73,1017,523)
  79  0.311  0.233  0.956  0.824  0.928  0.962  0.500  0.165  N    0  0.122  (554,221,974,536)
  80  0.311  0.303  0.972  0.924  0.618  1.000  0.500  0.181  N    0  0.160  (344,176,824,536)
  81  0.308  0.252  0.989  0.954  0.647  0.931  0.500  0.159  N    0  0.160  (436,99,916,459)
  82  0.305  0.207  0.988  0.941  0.823  1.000  0.500  0.174  N    0  0.160  (429,178,909,538)
  83  0.300  0.218  0.968  0.779  0.951  1.000  0.500  0.163  N    1  0.122  (169,249,589,564)
  84  0.297  0.197  0.987  0.982  0.749  0.979  0.500  0.166  N    0  0.160  (436,135,916,495)
  85  0.290  0.299  0.896  0.967  0.467  0.837  0.500  0.157  N   10  0.122  (312,107,732,422)
  86  0.289  0.175  0.991  0.901  0.847  1.000  0.500  0.157  N    1  0.122  (213,182,633,497)
  87  0.287  0.212  0.982  0.968  0.670  1.000  0.500  0.179  N    0  0.122  (395,179,815,494)
  88  0.265  0.109  0.996  0.943  0.815  0.972  0.500  0.171  N    0  0.122  (460,180,880,495)
  89  0.249  0.090  0.975  0.885  0.850  0.953  0.500  0.162  N    0  0.160  (481,146,961,506)
  90  0.244  0.231  0.961  0.916  0.394  0.969  0.500  0.157  N    0  0.250  (242,27,842,477)
  91  0.241  0.196  0.972  0.941  0.456  1.000  0.500  0.168  N    0  0.250  (286,54,886,504)
  92  0.239  0.135  0.963  0.926  0.650  0.984  0.500  0.159  N    0  0.250  (376,54,976,504)
  93  0.232  0.052  0.977  0.863  0.897  1.000  0.500  0.169  N    1  0.122  (247,223,667,538)
  94  0.227  0.020  0.984  0.880  0.889  0.937  0.500  0.160  N    0  0.122  (543,182,963,497)
  95  0.222  0.188  0.891  0.905  0.375  0.773  0.500  0.160  N    0  0.160  (360,45,840,405)
  96  0.213  0.036  0.962  0.964  0.743  1.000  0.500  0.178  N    1  0.122  (321,222,741,537)
  97  0.209  0.036  0.985  0.925  0.662  0.914  0.500  0.157  N    0  0.160  (449,95,929,455)
  98  0.206  0.007  0.985  0.986  0.671  0.925  0.500  0.163  N    0  0.122  (453,132,873,447)
  99  0.202  0.019  0.964  0.997  0.684  1.000  0.500  0.165  N    1  0.122  (294,168,714,483)
 100  0.184  0.000  0.955  0.998  0.635  1.000  0.500  0.164  N    1  0.160  (264,142,744,502)
