图片: 3647
候选框数量: 100
权重: W_AES=0.45 W_CONTENT=0.25 W_THIRDS=0.15 W_CENTER=0.15 W_DEP=-0.1 W_CLIP_PEN=0.4 W_MISSING_PEN=-0.5

排名  final   aes    con    3rd    ctr    dep    pen    msg    rule   L  i    area   box
   1  0.660  0.716  0.994  0.656  0.987  1.000  0.142  0.0  0.524  N    2  0.250  (417,396,1017,846)
   2  0.654  0.598  0.995  0.897  0.813  1.000  0.051  0.0  0.833  N    2  0.250  (320,430,920,880)
   3  0.649  0.650  0.988  0.622  0.995  1.000  0.083  0.0  0.702  N    2  0.250  (404,418,1004,868)
   4  0.645  0.600  0.981  0.673  0.983  1.000  0.046  0.0  0.849  N    2  0.250  (389,450,989,900)
   5  0.620  0.514  0.991  0.881  0.837  1.000  0.043  0.0  0.858  N    2  0.250  (327,441,927,891)
   6  0.614  0.549  0.980  0.606  0.996  1.000  0.046  0.0  0.847  N    2  0.250  (404,450,1004,900)
   7  0.609  0.791  1.000  0.670  0.467  1.000  0.168  0.0  0.488  N    2  0.250  (228,402,828,852)
   8  0.605  0.543  0.984  0.549  1.000  1.000  0.043  0.0  0.846  N    2  0.250  (417,441,1017,891)
   9  0.600  0.550  0.991  0.688  0.982  1.000  0.113  0.0  0.610  N    2  0.250  (440,407,1040,857)
  10  0.600  0.482  0.991  0.899  0.792  1.000  0.046  0.0  0.859  N    2  0.250  (314,450,914,900)
  11  0.593  0.460  0.980  0.830  0.898  1.000  0.046  0.0  0.836  N    2  0.250  (486,450,1086,900)
  12  0.591  0.623  0.989  0.904  0.678  0.997  0.185  0.0  0.378  N    2  0.250  (544,380,1144,830)
  13  0.577  0.494  0.996  0.821  0.673  1.000  0.046  0.0  0.859  N    2  0.250  (283,450,883,900)
  14  0.574  0.477  0.981  0.552  1.000  1.000  0.046  0.0  0.845  N    2  0.250  (417,450,1017,900)
  15  0.574  0.429  0.981  0.732  0.962  1.000  0.046  0.0  0.840  N    2  0.250  (458,450,1058,900)
  16  0.573  0.450  0.993  0.866  0.736  1.000  0.046  0.0  0.861  N    2  0.250  (299,450,899,900)
  17  0.571  0.410  0.981  0.853  0.875  1.000  0.046  0.0  0.835  N    2  0.250  (494,450,1094,900)
  18  0.557  0.380  0.984  0.883  0.834  1.000  0.043  0.0  0.834  N    2  0.250  (507,441,1107,891)
  19  0.534  0.738  0.981  0.762  0.946  1.000  0.500  0.0  0.841  N    2  0.360  (357,342,1077,882)
  20  0.529  0.508  0.982  0.659  0.504  1.000  0.048  0.0  0.803  N    2  0.250  (592,431,1192,881)
  21  0.529  0.694  1.000  0.929  0.840  0.989  0.500  0.0  0.325  N    1  0.250  (338,370,938,820)
  22  0.514  0.682  0.986  0.962  0.772  1.000  0.500  0.0  0.967  N    1  0.360  (236,360,956,900)
  23  0.500  0.526  0.984  0.668  0.475  1.000  0.135  0.0  0.534  N    2  0.250  (600,404,1200,854)
  24  0.494  0.631  0.985  0.948  0.808  1.000  0.500  0.0  0.967  N    1  0.360  (249,360,969,900)
  25  0.478  0.600  0.986  0.960  0.781  1.000  0.500  0.0  0.968  N    1  0.360  (239,360,959,900)
  26  0.470  0.583  0.971  0.929  0.839  1.000  0.500  0.0  0.940  N    1  0.360  (452,360,1172,900)
  27  0.454  0.504  1.000  0.578  0.435  1.000  0.186  0.0  0.544  N    2  0.250  (209,450,809,900)
  28  0.443  0.546  0.977  0.721  0.966  1.000  0.500  0.0  0.952  N    1  0.360  (357,360,1077,900)
  29  0.438  0.517  0.970  0.949  0.806  1.000  0.500  0.0  0.938  N    1  0.360  (465,360,1185,900)
  30  0.435  0.684  0.996  0.747  0.441  1.000  0.500  0.0  0.953  N    1  0.360  (131,360,851,900)
  31  0.433  0.516  0.977  0.743  0.964  1.000  0.500  0.0  0.954  N    1  0.360  (344,360,1064,900)
  32  0.431  1.000  1.000  0.672  0.985  0.172  0.000  1.0  0.510  Y   -1  0.160  (0,380,480,740)
  33  0.422  0.979  1.000  0.631  0.993  0.122  0.000  1.0  0.451  N   -1  0.122  (165,402,585,717)
  34  0.392  0.428  0.977  0.738  0.965  1.000  0.500  0.0  0.954  N    1  0.360  (347,360,1067,900)
  35  0.392  0.896  1.000  0.674  0.984  0.097  0.000  1.0  0.355  N   -1  0.090  (70,449,430,719)
  36  0.363  0.905  0.911  0.592  0.998  0.104  0.000  1.0  0.269  N   -1  0.062  (7,496,307,721)
  37  0.355  0.834  1.000  0.630  0.993  0.135  0.000  1.0  0.428  N   -1  0.122  (14,418,434,733)
  38  0.344  0.800  0.976  0.699  0.976  0.110  0.000  1.0  0.345  N   -1  0.090  (0,451,360,721)
  39  0.329  0.846  0.965  0.608  0.996  0.338  0.000  1.0  0.422  N   -1  0.160  (0,439,480,799)
  40  0.327  0.844  0.965  0.619  0.995  0.357  0.000  1.0  0.430  N   -1  0.160  (66,442,546,802)
  41  0.317  0.740  1.000  0.649  0.990  0.122  0.000  1.0  0.438  N   -1  0.122  (79,407,499,722)
  42  0.315  0.724  1.000  0.694  0.981  0.124  0.000  1.0  0.365  N   -1  0.090  (77,394,437,664)
  43  0.295  0.723  0.937  0.632  0.993  0.090  0.000  1.0  0.279  N   -1  0.062  (68,484,368,709)
  44  0.282  0.754  0.939  0.589  0.998  0.296  0.000  1.0  0.416  N   -1  0.122  (0,475,420,790)
  45  0.277  0.634  1.000  0.751  0.960  0.152  0.000  1.0  0.355  N   -1  0.090  (0,396,360,666)
  46  0.266  0.699  0.912  0.634  0.993  0.213  0.000  1.0  0.343  N   -1  0.090  (59,503,419,773)
  47  0.265  0.709  0.880  0.682  0.982  0.241  0.000  1.0  0.289  N   -1  0.062  (234,552,534,777)
  48  0.256  0.725  0.934  0.648  0.990  0.492  0.000  1.0  0.497  Y   -1  0.160  (8,468,488,828)
  49  0.256  0.621  0.973  0.636  0.992  0.110  0.000  1.0  0.361  N   -1  0.090  (145,470,505,740)
  50  0.249  0.587  1.000  0.647  0.990  0.100  0.000  1.0  0.376  N   -1  0.090  (161,394,521,664)
  51  0.247  0.620  0.962  0.589  0.998  0.099  0.000  1.0  0.302  N   -1  0.062  (246,487,546,712)
  52  0.245  0.590  1.000  0.607  0.996  0.110  0.000  1.0  0.382  N   -1  0.090  (221,410,581,680)
  53  0.232  0.612  0.901  0.669  0.987  0.175  0.000  1.0  0.345  N   -1  0.090  (840,450,1200,720)
  54  0.231  0.542  0.988  0.696  0.975  0.104  0.000  1.0  0.280  N   -1  0.062  (0,431,300,656)
  55  0.227  0.624  0.900  0.680  0.984  0.281  0.000  1.0  0.356  N   -1  0.090  (167,516,527,786)
  56  0.215  0.567  0.930  0.699  0.979  0.248  0.000  1.0  0.281  N   -1  0.062  (900,421,1200,646)
  57  0.214  0.483  1.000  0.740  0.965  0.089  0.000  1.0  0.302  N   -1  0.062  (164,428,464,653)
  58  0.209  0.611  0.884  0.650  0.990  0.332  0.000  1.0  0.362  N   -1  0.090  (227,526,587,796)
  59  0.204  0.577  0.891  0.696  0.976  0.293  0.000  1.0  0.277  N   -1  0.062  (154,562,454,787)
  60  0.203  0.596  0.904  0.621  0.994  0.332  0.000  1.0  0.333  N   -1  0.090  (9,527,369,797)
  61  0.200  0.549  0.878  0.605  0.996  0.074  0.000  1.0  0.219  N   -1  0.040  (78,516,318,696)
  62  0.200  0.451  1.000  0.749  0.954  0.089  0.000  1.0  0.292  N   -1  0.062  (96,434,396,659)
  63  0.198  0.566  0.938  0.606  0.997  0.312  0.000  1.0  0.438  N   -1  0.122  (172,477,592,792)
  64  0.193  0.451  1.000  0.687  0.982  0.098  0.000  1.0  0.314  N   -1  0.062  (247,424,547,649)
  65  0.188  0.539  0.897  0.674  0.984  0.275  0.000  1.0  0.266  N   -1  0.062  (68,560,368,785)
  66  0.187  0.517  0.969  0.584  0.999  0.250  0.000  1.0  0.240  N   -1  0.040  (881,396,1121,576)
  67  0.176  0.454  0.960  0.602  0.997  0.083  0.000  1.0  0.293  N   -1  0.062  (177,487,477,712)
  68  0.176  0.518  0.909  0.634  0.993  0.286  0.000  1.0  0.257  N   -1  0.062  (6,563,306,788)
  69  0.160  0.452  0.922  0.757  0.957  0.311  0.000  1.0  0.231  N   -1  0.040  (960,390,1200,570)
  70  0.159  0.443  0.961  0.627  0.994  0.242  0.000  1.0  0.430  N   -1  0.122  (92,463,512,778)
  71  0.145  0.413  0.864  0.678  0.982  0.058  0.000  1.0  0.232  N   -1  0.040  (186,523,426,703)
  72  0.123  0.300  0.976  0.806  0.935  0.175  0.000  1.0  0.290  N   -1  0.062  (0,371,300,596)
  73  0.122  0.299  0.962  0.737  0.962  0.079  0.000  1.0  0.220  N   -1  0.040  (0,451,240,631)
  74  0.121  0.470  0.897  0.586  0.998  0.530  0.000  1.0  0.249  N   -1  0.062  (0,606,300,831)
  75  0.115  0.274  0.991  0.684  0.983  0.055  0.000  1.0  0.256  N   -1  0.040  (184,385,424,565)
  76  0.109  0.336  0.874  0.651  0.989  0.064  0.000  1.0  0.208  N   -1  0.040  (960,517,1200,697)
  77  0.108  0.230  1.000  0.841  0.904  0.077  0.000  1.0  0.241  N   -1  0.040  (163,456,403,636)
  78  0.096  0.296  0.897  0.622  0.995  0.043  0.000  1.0  0.218  N   -1  0.040  (873,528,1113,708)
  79  0.091  0.275  0.906  0.716  0.972  0.121  0.000  1.0  0.230  N   -1  0.040  (871,462,1111,642)
  80  0.086  0.420  0.835  0.616  0.995  0.538  0.000  1.0  0.283  N   -1  0.062  (258,604,558,829)
  81  0.079  0.218  0.973  0.685  0.981  0.126  0.000  1.0  0.241  N   -1  0.040  (79,389,319,569)
  82  0.073  0.276  0.876  0.588  0.998  0.074  0.000  1.0  0.207  N   -1  0.040  (0,521,240,701)
  83  0.072  0.191  1.000  0.654  0.989  0.105  0.000  1.0  0.264  N   -1  0.040  (341,457,581,637)
  84  0.066  0.235  0.882  0.656  0.988  0.072  0.000  1.0  0.269  N   -1  0.062  (900,488,1200,713)
  85  0.065  0.235  0.884  0.731  0.966  0.168  0.000  1.0  0.219  N   -1  0.040  (950,463,1190,643)
  86  0.052  0.352  0.858  0.591  0.998  0.589  0.000  1.0  0.270  N   -1  0.062  (170,612,470,837)
  87  0.050  0.194  0.877  0.680  0.983  0.060  0.000  1.0  0.242  N   -1  0.040  (261,522,501,702)
  88  0.049  0.157  1.000  0.578  0.999  0.084  0.000  1.0  0.276  N   -1  0.040  (349,397,589,577)
  89  0.048  0.209  0.880  0.682  0.981  0.158  0.000  1.0  0.208  N   -1  0.040  (87,583,327,763)
  90  0.046  0.106  1.000  0.751  0.959  0.086  0.000  1.0  0.252  N   -1  0.040  (254,463,494,643)
  91  0.041  0.353  0.775  0.642  0.991  0.564  0.000  1.0  0.231  N   -1  0.040  (354,653,594,833)
  92  0.033  0.133  0.926  0.794  0.940  0.180  0.000  1.0  0.232  N   -1  0.040  (1,384,241,564)
  93  0.030  0.062  1.000  0.838  0.896  0.080  0.000  1.0  0.232  N   -1  0.040  (99,459,339,639)
  94  0.029  0.224  0.880  0.552  1.000  0.247  0.000  1.0  0.258  N   -1  0.062  (900,550,1200,775)
  95  0.019  0.151  0.878  0.690  0.978  0.188  0.000  1.0  0.218  N   -1  0.040  (164,587,404,767)
  96  0.003  0.162  0.874  0.579  0.999  0.251  0.000  1.0  0.335  N   -1  0.090  (840,508,1200,778)
  97  -0.002  0.094  0.877  0.636  0.993  0.076  0.000  1.0  0.253  N   -1  0.040  (341,521,581,701)
  98  -0.003  0.125  0.866  0.681  0.984  0.253  0.000  1.0  0.230  N   -1  0.040  (269,597,509,777)
  99  -0.005  0.000  1.000  0.690  0.982  0.058  0.000  1.0  0.266  N   -1  0.040  (266,390,506,570)
 100  -0.096  0.025  0.806  0.689  0.982  0.597  0.000  1.0  0.218  N   -1  0.040  (256,655,496,835)
