图片: 3828
候选框数量: 100
权重: W_AES=0.45 W_CONTENT=0.25 W_THIRDS=0.15 W_CENTER=0.15 W_DEP=-0.1 W_PEN=0.4

排名  final   aes    con    3rd    ctr    dep    pen    rule   L  i    area   box
   1  0.625  0.703  0.524  0.676  0.985  0.714  0.000  0.509  Y    2  0.359  (131,318,851,793)
   2  0.624  0.921  0.342  0.820  0.269  0.394  0.000  0.936  N    0  0.160  (480,0,960,317)
   3  0.615  0.664  0.545  0.706  0.974  0.723  0.000  0.505  Y    2  0.359  (347,318,1067,793)
   4  0.606  0.993  0.293  0.765  0.206  0.602  0.000  0.960  N    0  0.359  (180,0,900,475)
   5  0.598  0.706  0.364  0.897  0.711  0.522  0.000  0.553  Y   -1  0.250  (108,112,708,508)
   6  0.595  0.630  0.535  0.677  0.983  0.719  0.000  0.526  Y    2  0.359  (239,318,959,793)
   7  0.582  0.774  0.382  0.854  0.294  0.343  0.000  0.946  N    0  0.122  (374,0,794,277)
   8  0.581  0.867  0.349  0.640  0.312  0.394  0.000  0.942  N    0  0.160  (437,0,917,317)
   9  0.577  0.826  0.372  0.750  0.226  0.341  0.000  0.928  N    0  0.122  (539,0,959,277)
  10  0.576  0.901  0.348  0.497  0.321  0.394  0.000  0.946  N    0  0.160  (408,0,888,317)
  11  0.571  0.839  0.341  0.763  0.219  0.393  0.000  0.931  N    0  0.160  (514,0,994,317)
  12  0.569  1.000  0.304  0.443  0.247  0.602  0.000  0.962  N    0  0.359  (288,0,1008,475)
  13  0.563  0.816  0.387  0.586  0.423  0.526  0.000  0.562  Y   -1  0.250  (160,122,760,518)
  14  0.559  0.759  0.494  0.611  0.384  0.551  0.000  0.574  Y   -1  0.250  (435,175,1035,571)
  15  0.546  0.764  0.473  0.548  0.307  0.445  0.000  0.471  N   -1  0.160  (553,224,1033,541)
  16  0.543  0.801  0.317  0.785  0.231  0.494  0.000  0.942  N    0  0.250  (438,0,1038,396)
  17  0.540  0.755  0.474  0.533  0.312  0.445  0.000  0.476  N   -1  0.160  (519,225,999,542)
  18  0.539  0.655  0.420  0.835  0.285  0.286  0.000  0.851  N    0  0.090  (545,0,905,237)
  19  0.537  0.478  0.439  0.918  0.846  0.523  0.000  0.543  Y   -1  0.250  (578,118,1178,514)
  20  0.537  0.630  0.365  0.812  0.618  0.520  0.000  0.567  Y   -1  0.250  (209,110,809,506)
  21  0.534  0.514  0.389  0.917  0.796  0.521  0.000  0.560  Y   -1  0.250  (441,110,1041,506)
  22  0.532  0.713  0.346  0.827  0.267  0.395  0.000  0.949  N    0  0.160  (336,0,816,317)
  23  0.529  0.756  0.345  0.738  0.209  0.395  0.000  0.944  N    0  0.160  (298,0,778,317)
  24  0.529  0.562  0.377  0.861  0.693  0.521  0.000  0.567  Y   -1  0.250  (389,110,989,506)
  25  0.525  0.767  0.315  0.769  0.236  0.494  0.000  0.942  N    0  0.250  (432,0,1032,396)
  26  0.517  0.503  0.559  0.726  0.560  0.417  0.000  0.470  N   -1  0.122  (537,309,957,586)
  27  0.516  0.528  0.533  0.709  0.538  0.416  0.000  0.483  N   -1  0.122  (322,298,742,575)
  28  0.514  0.568  0.420  0.874  0.342  0.286  0.000  0.854  N    0  0.090  (522,0,882,237)
  29  0.510  0.925  0.341  0.408  0.109  0.396  0.073  0.926  N    1  0.160  (230,1,710,318)
  30  0.510  0.734  0.304  0.791  0.229  0.494  0.000  0.954  N    0  0.250  (258,0,858,396)
  31  0.508  0.655  0.493  0.586  0.386  0.552  0.000  0.583  Y   -1  0.250  (367,176,967,572)
  32  0.507  0.785  0.329  0.642  0.161  0.493  0.000  0.933  N    0  0.250  (504,0,1104,396)
  33  0.506  0.819  0.305  0.465  0.275  0.494  0.000  0.954  N    0  0.250  (348,0,948,396)
  34  0.503  0.897  0.302  0.734  0.172  0.499  0.154  0.942  N    1  0.250  (235,15,835,411)
  35  0.502  0.600  0.509  0.602  0.365  0.404  0.000  0.474  N   -1  0.122  (567,270,987,547)
  36  0.493  0.477  0.544  0.698  0.527  0.418  0.000  0.483  N   -1  0.122  (451,301,871,578)
  37  0.489  0.463  0.433  0.869  0.628  0.526  0.000  0.551  Y   -1  0.250  (524,123,1124,519)
  38  0.482  0.464  0.369  0.877  0.675  0.519  0.000  0.575  Y   -1  0.250  (321,108,921,504)
  39  0.481  0.766  0.301  0.592  0.147  0.496  0.000  0.944  N    0  0.250  (181,0,781,396)
  40  0.477  0.602  0.483  0.534  0.333  0.448  0.000  0.490  N   -1  0.160  (424,233,904,550)
  41  0.477  0.564  0.211  0.814  0.557  0.353  0.000  0.486  N   -1  0.122  (408,200,828,477)
  42  0.476  0.733  0.305  0.519  0.274  0.494  0.000  0.952  N    0  0.250  (363,0,963,396)
  43  0.474  0.549  0.496  0.672  0.380  0.549  0.000  0.552  Y   -1  0.250  (599,174,1199,570)
  44  0.472  0.633  0.345  0.678  0.262  0.397  0.000  0.953  N    0  0.160  (366,7,846,324)
  45  0.471  0.666  0.402  0.544  0.281  0.527  0.000  0.577  Y   -1  0.250  (260,126,860,522)
  46  0.470  0.553  0.491  0.632  0.388  0.549  0.000  0.558  Y   -1  0.250  (542,170,1142,566)
  47  0.469  0.430  0.184  0.923  0.845  0.352  0.000  0.478  N   -1  0.122  (321,196,741,473)
  48  0.467  0.524  0.506  0.578  0.428  0.457  0.000  0.487  N   -1  0.160  (284,250,764,567)
  49  0.463  0.537  0.427  0.550  0.406  0.287  0.000  0.862  N    0  0.090  (468,0,828,237)
  50  0.462  0.508  0.431  0.704  0.328  0.291  0.000  0.867  N    0  0.090  (441,7,801,244)
  51  0.456  0.219  0.621  0.956  0.505  0.175  0.000  0.724  N    0  0.040  (564,0,804,158)
  52  0.449  0.626  0.328  0.761  0.207  0.601  0.000  0.947  N    0  0.359  (396,0,1116,475)
  53  0.444  0.546  0.465  0.527  0.316  0.443  0.000  0.495  N   -1  0.160  (338,227,818,544)
  54  0.442  0.423  0.385  0.795  0.597  0.529  0.000  0.543  Y   -1  0.250  (0,130,600,526)
  55  0.433  0.481  0.471  0.556  0.407  0.453  0.000  0.471  N   -1  0.160  (152,245,632,562)
  56  0.430  0.609  0.379  0.557  0.290  0.347  0.077  0.936  N    1  0.122  (453,11,873,288)
  57  0.430  0.502  0.475  0.572  0.362  0.549  0.000  0.588  Y   -1  0.250  (285,168,885,564)
  58  0.427  0.592  0.364  0.492  0.257  0.421  0.000  0.483  N   -1  0.160  (412,190,892,507)
  59  0.427  0.512  0.452  0.505  0.315  0.390  0.000  0.487  N   -1  0.122  (295,257,715,534)
  60  0.426  0.359  0.374  0.842  0.647  0.520  0.000  0.579  Y   -1  0.250  (299,110,899,506)
  61  0.420  0.474  0.483  0.512  0.327  0.397  0.000  0.490  N   -1  0.122  (458,262,878,539)
  62  0.419  0.348  0.434  0.882  0.337  0.288  0.000  0.867  N    0  0.090  (414,0,774,237)
  63  0.416  0.478  0.456  0.539  0.338  0.445  0.000  0.480  N   -1  0.160  (224,231,704,548)
  64  0.415  0.307  0.494  0.855  0.322  0.231  0.000  0.781  N    0  0.062  (566,0,866,198)
  65  0.410  0.396  0.433  0.765  0.249  0.288  0.000  0.863  N    0  0.090  (380,0,740,237)
  66  0.409  0.291  0.499  0.702  0.473  0.232  0.000  0.791  N    0  0.062  (486,0,786,198)
  67  0.405  0.465  0.465  0.487  0.305  0.392  0.000  0.498  N   -1  0.122  (402,257,822,534)
  68  0.398  0.459  0.445  0.527  0.370  0.547  0.000  0.564  Y   -1  0.250  (104,165,704,561)
  69  0.388  0.486  0.380  0.568  0.159  0.344  0.000  0.938  N    0  0.122  (309,2,729,279)
  70  0.388  0.816  0.373  0.555  0.191  0.615  0.308  0.853  N    1  0.359  (239,23,959,498)
  71  0.362  0.442  0.199  0.788  0.239  0.400  0.000  0.476  N   -1  0.160  (377,131,857,448)
  72  0.361  0.862  0.305  0.295  0.066  0.503  0.268  0.858  N    1  0.250  (113,19,713,415)
  73  0.360  0.040  0.621  0.760  0.599  0.175  0.000  0.729  N    0  0.040  (528,0,768,158)
  74  0.358  0.572  0.336  0.348  0.087  0.493  0.000  0.923  N    0  0.250  (577,0,1177,396)
  75  0.357  0.000  0.625  0.963  0.495  0.175  0.000  0.734  N    0  0.040  (492,0,732,158)
  76  0.352  0.375  0.415  0.510  0.274  0.383  0.000  0.476  N   -1  0.122  (230,246,650,523)
  77  0.351  0.379  0.440  0.532  0.298  0.539  0.000  0.586  Y   -1  0.250  (299,149,899,545)
  78  0.346  0.383  0.404  0.490  0.278  0.428  0.000  0.484  N   -1  0.160  (293,204,773,521)
  79  0.345  0.368  0.189  0.816  0.335  0.402  0.000  0.472  N   -1  0.160  (298,139,778,456)
  80  0.335  0.298  0.502  0.702  0.245  0.232  0.109  0.775  N    1  0.062  (406,0,706,198)
  81  0.334  0.633  0.359  0.361  0.093  0.396  0.173  0.803  N    1  0.160  (600,5,1080,322)
  82  0.332  0.387  0.218  0.752  0.170  0.354  0.000  0.479  N   -1  0.122  (457,200,877,477)
  83  0.328  0.380  0.321  0.550  0.236  0.418  0.000  0.470  N   -1  0.160  (218,185,698,502)
  84  0.327  0.321  0.416  0.529  0.277  0.429  0.000  0.492  N   -1  0.160  (367,205,847,522)
  85  0.307  0.571  0.370  0.435  0.121  0.342  0.228  0.759  N    1  0.122  (606,0,1026,277)
  86  0.304  0.429  0.186  0.570  0.129  0.402  0.000  0.473  N   -1  0.160  (431,149,911,466)
  87  0.300  0.320  0.320  0.543  0.239  0.415  0.000  0.488  N   -1  0.160  (359,181,839,498)
  88  0.294  0.340  0.238  0.565  0.249  0.400  0.000  0.471  N   -1  0.160  (378,105,858,422)
  89  0.290  0.374  0.237  0.486  0.194  0.400  0.000  0.475  N   -1  0.160  (359,117,839,434)
  90  0.284  0.153  0.182  0.912  0.484  0.403  0.000  0.472  N   -1  0.160  (287,149,767,466)
  91  0.275  0.785  0.281  0.565  0.111  0.504  0.500  0.540  N    1  0.250  (198,39,798,435)
  92  0.273  0.180  0.573  0.825  0.324  0.177  0.265  0.526  N    1  0.040  (610,0,850,158)
  93  0.272  0.397  0.182  0.436  0.114  0.348  0.000  0.479  N   -1  0.122  (407,166,827,443)
  94  0.239  0.624  0.310  0.614  0.191  0.401  0.500  0.592  N    1  0.160  (454,36,934,353)
  95  0.214  0.104  0.184  0.776  0.299  0.402  0.000  0.482  N   -1  0.160  (359,149,839,466)
  96  0.214  0.411  0.383  0.504  0.142  0.287  0.338  0.583  N    1  0.090  (618,0,978,237)
  97  0.185  0.614  0.281  0.412  0.181  0.503  0.500  0.507  N    1  0.250  (341,41,941,437)
  98  0.183  0.366  0.408  0.439  0.124  0.293  0.347  0.596  N    1  0.090  (320,6,680,243)
  99  0.158  0.549  0.310  0.471  0.091  0.501  0.500  0.482  N    1  0.250  (525,41,1125,437)
 100  0.128  0.428  0.299  0.564  0.113  0.404  0.500  0.473  N    1  0.160  (286,42,766,359)
