图片: 4493_h
候选框数量: 100
权重: W_AES=0.45 W_CONTENT=0.25 W_THIRDS=0.15 W_CENTER=0.15 W_DEP=-0.1 W_PEN=0.4

排名  final   aes    con    3rd    ctr    dep    pen    rule   L  i    area   box
   1  0.869  1.000  0.894  0.835  0.693  0.340  0.000  0.968  N    0  0.359  (92,0,370,396)
   2  0.859  0.863  1.000  0.843  0.884  0.388  0.000  0.936  Y    0  0.359  (186,0,464,396)
   3  0.853  0.867  0.983  0.715  0.969  0.355  0.000  0.926  Y    0  0.359  (134,0,412,396)
   4  0.797  0.761  0.847  0.916  0.846  0.220  0.000  0.756  N    0  0.250  (150,0,382,330)
   5  0.779  0.815  0.795  0.923  0.645  0.215  0.000  0.786  N    0  0.250  (124,4,356,334)
   6  0.763  0.684  1.000  0.984  0.744  0.536  0.000  0.951  Y    0  0.359  (184,60,462,456)
   7  0.734  0.605  0.944  0.948  0.764  0.315  0.000  0.966  N    0  0.250  (134,51,366,381)
   8  0.712  0.632  1.000  0.826  0.601  0.365  0.000  0.932  Y    0  0.250  (232,48,464,378)
   9  0.708  0.513  1.000  0.950  0.813  0.373  0.000  0.945  Y    0  0.250  (205,63,437,393)
  10  0.694  0.762  0.803  0.708  0.449  0.229  0.000  0.848  N    0  0.250  (102,16,334,346)
  11  0.687  0.528  0.811  0.952  0.805  0.172  0.000  0.651  N    0  0.159  (175,37,360,301)
  12  0.683  0.475  1.000  0.971  0.764  0.414  0.000  0.929  Y    0  0.250  (193,87,425,417)
  13  0.658  0.407  1.000  0.995  0.696  0.290  0.000  0.967  N    0  0.159  (170,105,355,369)
  14  0.652  0.843  0.829  0.523  0.366  0.329  0.087  0.874  N    0  0.359  (50,0,328,396)
  15  0.650  0.463  1.000  0.994  0.574  0.436  0.000  0.915  Y    0  0.250  (221,89,453,419)
  16  0.648  0.431  0.953  0.948  0.662  0.260  0.000  0.967  N    0  0.159  (160,91,345,355)
  17  0.647  0.427  1.000  0.990  0.647  0.411  0.000  0.974  N    0  0.250  (142,94,374,424)
  18  0.646  0.578  0.903  0.802  0.484  0.323  0.000  0.971  N    0  0.250  (107,58,339,388)
  19  0.644  0.386  0.903  0.854  0.900  0.185  0.000  0.635  N    0  0.159  (203,36,388,300)
  20  0.627  0.564  1.000  0.893  0.364  0.359  0.073  0.877  N    0  0.159  (253,122,438,386)
  21  0.622  0.619  0.975  0.787  0.258  0.569  0.000  0.956  N    0  0.250  (229,144,461,474)
  22  0.615  0.294  1.000  0.784  0.947  0.265  0.000  0.954  N    0  0.159  (193,86,378,350)
  23  0.614  0.375  1.000  0.868  0.722  0.431  0.000  0.965  N    0  0.250  (172,99,404,429)
  24  0.599  0.386  0.867  0.833  0.681  0.186  0.000  0.764  N    0  0.122  (174,81,336,311)
  25  0.597  0.469  0.771  0.888  0.508  0.161  0.000  0.649  N    0  0.159  (147,37,332,301)
  26  0.594  0.236  1.000  0.980  0.753  0.217  0.000  0.881  N    0  0.090  (207,130,346,328)
  27  0.593  0.608  0.954  0.889  0.331  0.381  0.160  0.827  N    0  0.250  (91,85,323,415)
  28  0.585  0.243  0.983  0.708  0.974  0.218  0.000  0.836  N    0  0.122  (203,92,365,322)
  29  0.585  0.225  1.000  0.938  0.798  0.264  0.000  0.955  N    0  0.122  (216,120,378,350)
  30  0.580  0.412  1.000  0.904  0.413  0.533  0.000  0.942  Y    0  0.250  (207,132,439,462)
  31  0.579  0.544  1.000  0.690  0.229  0.539  0.000  0.959  Y    0  0.250  (108,138,340,468)
  32  0.565  0.394  1.000  0.910  0.359  0.527  0.000  0.987  Y    0  0.250  (132,134,364,464)
  33  0.564  0.260  1.000  0.879  0.651  0.328  0.000  0.966  N    0  0.159  (188,125,373,389)
  34  0.559  0.210  1.000  0.996  0.616  0.278  0.000  0.949  N    0  0.122  (235,126,397,356)
  35  0.550  0.192  1.000  0.971  0.634  0.267  0.000  0.966  N    0  0.122  (189,129,351,359)
  36  0.550  0.130  1.000  0.958  0.799  0.221  0.000  0.829  N    0  0.090  (235,125,374,323)
  37  0.549  0.769  1.000  0.921  0.541  0.665  0.500  0.961  Y    0  0.359  (184,99,462,495)
  38  0.546  0.397  1.000  0.647  0.483  0.523  0.000  0.973  Y    0  0.250  (172,132,404,462)
  39  0.524  0.317  0.899  0.787  0.534  0.239  0.044  0.938  N    0  0.159  (146,82,331,346)
  40  0.513  0.708  1.000  0.803  0.598  0.661  0.500  0.975  Y    0  0.359  (142,99,420,495)
  41  0.494  0.335  0.918  0.807  0.229  0.414  0.000  0.961  N    0  0.159  (232,168,417,432)
  42  0.476  0.213  1.000  0.854  0.270  0.390  0.000  0.982  N    0  0.159  (166,162,351,426)
  43  0.464  0.103  1.000  0.944  0.417  0.369  0.000  0.954  N    0  0.159  (231,139,416,403)
  44  0.463  0.873  0.761  0.605  0.440  1.000  0.443  0.953  Y    2  0.359  (138,263,416,659)
  45  0.446  0.141  0.934  0.834  0.336  0.263  0.000  0.883  N    0  0.090  (239,167,378,365)
  46  0.446  0.785  0.787  0.719  0.531  0.918  0.500  0.940  Y    2  0.250  (173,330,405,660)
  47  0.441  0.229  0.984  0.651  0.282  0.263  0.054  0.873  N    0  0.090  (211,177,350,375)
  48  0.441  0.242  1.000  0.510  0.306  0.405  0.000  0.972  N    0  0.159  (200,167,385,431)
  49  0.436  0.358  0.871  0.758  0.496  0.201  0.276  0.634  N    0  0.122  (153,96,315,326)
  50  0.434  0.180  1.000  0.528  0.366  0.317  0.000  0.967  N    0  0.122  (210,164,372,394)
  51  0.432  0.145  1.000  0.969  0.512  0.236  0.203  0.670  N    0  0.090  (262,129,401,327)
  52  0.423  0.225  1.000  0.816  0.305  0.327  0.160  0.839  N    0  0.159  (138,131,323,395)
  53  0.402  0.761  0.773  0.572  0.432  1.000  0.461  0.968  Y    2  0.359  (92,261,370,657)
  54  0.398  0.716  1.000  0.587  0.116  0.794  0.500  0.967  Y    0  0.359  (184,139,462,535)
  55  0.396  0.318  0.951  0.914  0.359  0.245  0.378  0.634  N    0  0.122  (146,123,308,353)
  56  0.396  0.174  0.840  0.738  0.204  0.337  0.000  0.957  N    0  0.122  (246,171,408,401)
  57  0.392  0.625  0.955  0.667  0.133  0.481  0.500  0.921  Y    2  0.159  (161,199,346,463)
  58  0.391  0.594  0.945  0.772  0.235  0.634  0.500  0.950  Y    0  0.250  (207,165,439,495)
  59  0.391  0.170  0.953  0.716  0.250  0.393  0.073  0.882  N    0  0.159  (253,146,438,410)
  60  0.390  0.697  0.790  0.668  0.500  0.962  0.500  0.956  Y    2  0.250  (134,320,366,650)
  61  0.373  0.173  1.000  0.738  0.219  0.332  0.163  0.831  N    0  0.122  (188,181,350,411)
  62  0.370  0.699  0.931  0.521  0.246  0.926  0.500  0.972  Y    2  0.359  (138,184,416,580)
  63  0.370  0.695  0.782  0.628  0.368  0.882  0.500  0.946  Y    2  0.250  (190,283,422,613)
  64  0.368  0.000  1.000  0.760  0.305  0.203  0.054  0.802  N    0  0.062  (220,177,336,342)
  65  0.364  0.708  0.780  0.612  0.290  0.851  0.500  0.949  Y    2  0.250  (195,257,427,587)
  66  0.362  0.295  0.872  0.585  0.158  0.419  0.145  0.820  N    0  0.159  (258,165,443,429)
  67  0.354  0.587  0.823  0.654  0.455  0.819  0.500  0.944  Y    2  0.159  (169,346,354,610)
  68  0.345  0.654  0.785  0.597  0.377  0.921  0.500  0.958  Y    2  0.250  (155,284,387,614)
  69  0.344  0.693  0.755  0.596  0.330  0.961  0.500  0.948  Y    2  0.359  (179,224,457,620)
  70  0.340  0.623  1.000  0.444  0.241  0.935  0.500  0.988  Y    2  0.359  (92,181,370,577)
  71  0.338  0.241  0.770  0.739  0.196  0.279  0.188  0.710  N    0  0.090  (254,179,393,377)
  72  0.334  0.093  1.000  0.756  0.231  0.251  0.203  0.719  N    0  0.090  (181,169,320,367)
  73  0.332  0.555  0.913  0.607  0.206  0.679  0.500  0.969  Y    2  0.250  (194,178,426,508)
  74  0.327  0.581  0.821  0.662  0.241  0.755  0.500  0.962  Y    2  0.159  (184,290,369,554)
  75  0.326  0.663  0.781  0.551  0.329  0.999  0.500  0.964  Y    2  0.359  (134,221,412,617)
  76  0.324  0.649  0.831  0.500  0.328  1.000  0.500  0.978  Y    2  0.359  (92,221,370,617)
  77  0.322  0.438  0.843  0.730  0.518  0.729  0.500  0.926  Y    2  0.122  (188,379,350,609)
  78  0.320  0.634  0.786  0.558  0.290  0.884  0.500  0.967  Y    2  0.250  (150,254,382,584)
  79  0.320  0.636  0.785  0.582  0.214  0.816  0.500  0.970  Y    2  0.250  (161,224,393,554)
  80  0.318  0.492  0.817  0.689  0.443  0.781  0.500  0.931  Y    2  0.159  (201,346,386,610)
  81  0.318  0.598  0.833  0.549  0.092  0.557  0.500  0.941  Y    2  0.122  (207,262,369,492)
  82  0.316  0.366  0.821  0.837  0.645  0.758  0.500  0.922  Y    2  0.159  (189,390,374,654)
  83  0.315  0.129  1.000  0.632  0.200  0.369  0.203  0.803  N    0  0.159  (135,153,320,417)
  84  0.313  0.474  0.846  0.684  0.401  0.739  0.500  0.929  Y    2  0.122  (187,355,349,585)
  85  0.313  0.118  0.991  0.834  0.307  0.317  0.320  0.650  N    0  0.122  (270,136,432,366)
  86  0.312  0.567  0.822  0.616  0.227  0.753  0.500  0.952  Y    2  0.159  (166,282,351,546)
  87  0.309  0.524  0.822  0.647  0.331  0.790  0.500  0.956  Y    2  0.159  (184,316,369,580)
  88  0.299  0.610  0.814  0.470  0.222  0.831  0.500  0.976  Y    2  0.250  (123,224,355,554)
  89  0.297  0.574  0.783  0.590  0.265  0.853  0.500  0.960  Y    2  0.250  (175,246,407,576)
  90  0.290  0.578  0.790  0.517  0.300  0.903  0.500  0.973  Y    2  0.250  (126,257,358,587)
  91  0.289  0.514  0.819  0.674  0.145  0.703  0.500  0.969  Y    2  0.159  (184,263,369,527)
  92  0.287  0.480  0.904  0.636  0.174  0.770  0.500  0.982  Y    2  0.250  (142,202,374,532)
  93  0.264  0.110  1.000  0.573  0.144  0.319  0.276  0.739  N    0  0.122  (153,174,315,404)
  94  0.261  0.409  0.823  0.632  0.385  0.812  0.500  0.950  Y    2  0.159  (170,329,355,593)
  95  0.254  0.460  0.902  0.456  0.182  0.738  0.500  0.975  Y    2  0.250  (167,194,399,524)
  96  0.250  0.306  0.914  0.665  0.149  0.381  0.500  0.803  N    2  0.122  (187,205,349,435)
  97  0.249  0.432  0.874  0.406  0.168  0.500  0.500  0.978  Y    2  0.159  (195,205,380,469)
  98  0.248  0.440  0.818  0.581  0.155  0.653  0.500  0.968  Y    2  0.159  (169,245,354,509)
  99  0.246  0.452  0.810  0.562  0.093  0.579  0.500  0.965  Y    2  0.159  (199,227,384,491)
 100  0.188  0.262  0.853  0.471  0.166  0.390  0.500  0.752  N    2  0.122  (217,207,379,437)
