图片: 5169
候选框数量: 100
权重: W_AES=0.45 W_CONTENT=0.25 W_THIRDS=0.15 W_CENTER=0.15 W_DEP=-0.1 W_CLIP_PEN=0.4 W_MISSING_PEN=-0.5

排名  final   aes    con    3rd    ctr    dep    pen    msg    rule   L  i    area   box
   1  0.646  1.000  0.807  0.918  0.853  0.719  0.500  0.0  0.887  N    3  0.250  (149,161,575,444)
   2  0.632  0.934  0.845  0.752  0.953  0.550  0.500  0.0  0.581  N    3  0.160  (196,212,537,438)
   3  0.613  0.940  0.815  0.774  0.950  0.719  0.500  0.0  0.994  N    0  0.250  (213,161,639,444)
   4  0.601  0.870  0.854  0.706  0.973  0.555  0.500  0.0  0.687  N    3  0.160  (209,211,550,437)
   5  0.598  0.895  0.811  0.868  0.895  0.717  0.500  0.0  0.985  N    0  0.250  (166,162,592,445)
   6  0.598  0.894  0.815  0.862  0.897  0.719  0.500  0.0  0.989  N    0  0.250  (242,161,668,444)
   7  0.597  0.864  0.871  0.712  0.976  0.627  0.500  0.0  0.724  N    3  0.160  (260,192,601,418)
   8  0.594  0.884  0.873  0.553  1.000  0.554  0.500  0.0  0.987  N    0  0.160  (248,212,589,438)
   9  0.593  0.884  0.810  0.944  0.821  0.719  0.500  0.0  0.777  N    3  0.250  (276,161,702,444)
  10  0.567  0.797  0.846  0.790  0.942  0.631  0.500  0.0  0.460  N    3  0.160  (204,190,545,416)
  11  0.560  0.813  0.816  0.848  0.877  0.685  0.500  0.0  0.828  N    3  0.250  (269,183,695,466)
  12  0.557  0.780  0.873  0.665  0.986  0.596  0.500  0.0  0.797  N    3  0.160  (264,201,605,427)
  13  0.546  0.738  0.855  0.723  0.971  0.539  0.500  0.0  0.686  N    3  0.160  (209,215,550,441)
  14  0.543  0.810  0.787  0.987  0.711  0.733  0.500  0.0  0.510  N    3  0.250  (102,151,528,434)
  15  0.542  0.707  0.871  0.811  0.926  0.548  0.500  0.0  0.494  N    3  0.160  (311,215,652,441)
  16  0.540  0.758  0.819  0.861  0.885  0.677  0.500  0.0  0.867  N    3  0.250  (264,188,690,471)
  17  0.538  0.790  0.821  0.643  0.992  0.679  0.500  0.0  0.987  N    0  0.250  (218,186,644,469)
  18  0.536  0.735  0.867  0.702  0.974  0.636  0.500  0.0  0.761  N    3  0.160  (248,189,589,415)
  19  0.530  0.731  0.875  0.589  0.998  0.555  0.500  0.0  0.988  N    3  0.160  (255,212,596,438)
  20  0.530  0.748  0.814  0.812  0.933  0.724  0.500  0.0  0.994  N    0  0.250  (218,158,644,441)
  21  0.517  0.765  0.775  0.811  0.931  0.824  0.500  0.0  0.996  N    0  0.359  (175,124,686,463)
  22  0.517  0.719  0.811  0.846  0.879  0.682  0.500  0.0  0.816  N    3  0.250  (141,183,567,466)
  23  0.517  0.746  0.822  0.627  0.994  0.675  0.500  0.0  0.986  N    0  0.250  (213,189,639,472)
  24  0.514  0.660  0.870  0.755  0.951  0.558  0.500  0.0  0.592  N    3  0.160  (299,212,640,438)
  25  0.513  0.767  0.776  0.738  0.965  0.819  0.500  0.0  0.994  N    0  0.359  (170,133,681,472)
  26  0.512  0.754  0.775  0.961  0.777  0.819  0.500  0.0  0.980  N    0  0.359  (247,133,758,472)
  27  0.511  0.760  0.775  0.799  0.923  0.826  0.500  0.0  0.996  N    0  0.359  (163,121,674,460)
  28  0.511  0.699  0.815  0.833  0.905  0.678  0.500  0.0  0.921  N    3  0.250  (154,186,580,469)
  29  0.510  0.674  0.826  0.861  0.896  0.632  0.500  0.0  0.978  N    0  0.250  (218,215,644,498)
  30  0.508  0.667  0.870  0.714  0.974  0.633  0.500  0.0  0.738  N    3  0.160  (255,190,596,416)
  31  0.506  0.736  0.780  0.853  0.883  0.805  0.500  0.0  0.974  N    0  0.359  (99,158,610,497)
  32  0.505  0.796  0.780  0.548  1.000  0.807  0.500  0.0  0.987  N    0  0.359  (163,155,674,494)
  33  0.491  0.634  0.900  0.554  1.000  0.529  0.500  0.0  0.464  N    3  0.122  (287,216,585,414)
  34  0.489  0.695  0.776  0.932  0.834  0.820  0.500  0.0  0.980  N    0  0.359  (93,133,604,472)
  35  0.480  0.651  0.803  0.963  0.789  0.767  0.500  0.0  0.732  N    3  0.250  (169,130,595,413)
  36  0.479  0.697  0.769  0.915  0.802  0.839  0.500  0.0  0.996  N    0  0.359  (170,99,681,438)
  37  0.477  0.641  0.814  0.795  0.925  0.729  0.500  0.0  0.995  N    0  0.250  (205,155,631,438)
  38  0.473  0.591  0.876  0.625  0.994  0.543  0.500  0.0  0.907  N    3  0.160  (260,215,601,441)
  39  0.472  0.674  0.821  0.545  1.000  0.684  0.500  0.0  0.987  N    0  0.250  (205,183,631,466)
  40  0.462  0.620  0.799  0.981  0.750  0.762  0.500  0.0  0.645  N    3  0.250  (143,134,569,417)
  41  0.461  0.662  0.782  0.661  0.988  0.800  0.500  0.0  0.985  N    0  0.359  (170,167,681,506)
  42  0.459  0.603  0.805  0.980  0.754  0.735  0.500  0.0  0.683  N    3  0.250  (288,151,714,434)
  43  0.458  0.603  0.808  0.896  0.843  0.762  0.500  0.0  0.777  N    3  0.250  (213,133,639,416)
  44  0.446  0.611  0.779  0.880  0.836  0.807  0.500  0.0  0.972  N    0  0.359  (86,155,597,494)
  45  0.441  0.555  0.798  0.950  0.766  0.655  0.500  0.0  0.488  N    3  0.250  (101,199,527,482)
  46  0.440  0.598  0.779  0.880  0.836  0.806  0.500  0.0  0.976  N    0  0.359  (239,155,750,494)
  47  0.440  0.605  0.779  0.904  0.786  0.804  0.500  0.0  0.972  N    3  0.359  (252,158,763,497)
  48  0.438  0.624  0.780  0.624  0.995  0.805  0.500  0.0  0.987  N    0  0.359  (175,158,686,497)
  49  0.437  0.571  0.785  0.846  0.905  0.787  0.500  0.0  0.977  N    0  0.359  (175,192,686,531)
  50  0.430  0.564  0.785  0.799  0.923  0.788  0.500  0.0  0.977  N    0  0.359  (163,189,674,528)
  51  0.427  0.454  0.878  0.708  0.972  0.485  0.500  0.0  0.744  N    2  0.160  (248,234,589,460)
  52  0.421  0.539  0.798  0.991  0.717  0.774  0.500  0.0  0.539  N    3  0.250  (265,123,691,406)
  53  0.416  0.467  0.825  0.847  0.910  0.637  0.500  0.0  0.976  N    0  0.250  (190,212,616,495)
  54  0.414  0.487  0.812  0.884  0.848  0.680  0.500  0.0  0.721  N    3  0.250  (282,186,708,469)
  55  0.407  0.458  0.825  0.795  0.925  0.639  0.500  0.0  0.979  N    0  0.250  (205,211,631,494)
  56  0.377  0.325  0.872  0.783  0.943  0.462  0.500  0.0  0.495  N    2  0.160  (239,245,580,471)
  57  0.376  0.396  0.812  0.974  0.758  0.647  0.500  0.0  0.562  N    3  0.250  (301,207,727,490)
  58  0.361  0.352  0.846  0.828  0.912  0.699  0.500  0.0  0.465  N    3  0.160  (255,167,596,393)
  59  0.347  0.314  0.825  0.948  0.790  0.614  0.500  0.0  0.572  N    2  0.250  (226,243,652,526)
  60  0.327  0.272  0.824  0.947  0.788  0.612  0.500  0.0  0.553  N    2  0.250  (185,244,611,527)
  61  0.293  0.142  0.879  0.751  0.962  0.480  0.500  0.0  0.628  N    2  0.160  (260,237,601,463)
  62  0.145  0.736  0.345  0.720  0.968  0.260  0.000  1.0  0.599  Y   -1  0.122  (282,0,580,198)
  63  0.139  0.696  0.332  0.832  0.920  0.200  0.000  1.0  0.492  Y   -1  0.089  (379,5,634,174)
  64  0.125  0.728  0.284  0.663  0.987  0.208  0.000  1.0  0.401  Y   -1  0.089  (63,8,318,177)
  65  0.120  0.703  0.516  0.915  0.408  0.240  0.000  1.0  0.896  N    1  0.122  (555,0,853,198)
  66  0.112  0.648  0.327  0.767  0.951  0.188  0.000  1.0  0.482  Y   -1  0.089  (267,0,522,169)
  67  0.096  0.619  0.349  0.754  0.961  0.274  0.000  1.0  0.600  Y   -1  0.122  (339,6,637,204)
  68  0.090  0.612  0.346  0.734  0.963  0.267  0.000  1.0  0.450  Y   -1  0.089  (219,32,474,201)
  69  0.090  0.564  0.556  0.942  0.481  0.168  0.000  1.0  0.803  N    1  0.089  (582,0,837,169)
  70  0.087  0.677  0.290  0.572  0.999  0.261  0.000  1.0  0.501  Y   -1  0.122  (0,0,298,198)
  71  0.076  0.575  0.335  0.712  0.972  0.188  0.000  1.0  0.504  Y   -1  0.089  (298,0,553,169)
  72  0.073  0.556  0.357  0.868  0.859  0.258  0.000  1.0  0.495  Y   -1  0.089  (274,28,529,197)
  73  0.065  0.551  0.313  0.767  0.953  0.188  0.000  1.0  0.453  Y   -1  0.089  (228,0,483,169)
  74  0.064  0.558  0.315  0.829  0.924  0.283  0.000  1.0  0.497  Y   -1  0.122  (66,9,364,207)
  75  0.062  0.720  0.589  0.987  0.534  0.110  0.316  1.0  0.460  N    1  0.062  (583,1,796,142)
  76  0.059  0.527  0.334  0.758  0.958  0.188  0.000  1.0  0.500  Y   -1  0.089  (328,0,583,169)
  77  0.055  0.565  0.345  0.628  0.994  0.283  0.000  1.0  0.563  Y   -1  0.122  (227,9,525,207)
  78  0.049  0.510  0.326  0.687  0.980  0.125  0.000  1.0  0.396  Y   -1  0.062  (403,0,616,141)
  79  0.048  0.712  0.531  0.931  0.412  0.172  0.223  1.0  0.618  N    1  0.089  (553,0,808,169)
  80  0.043  0.498  0.337  0.669  0.984  0.136  0.000  1.0  0.407  Y   -1  0.062  (349,5,562,146)
  81  0.042  0.557  0.281  0.607  0.996  0.197  0.000  1.0  0.395  Y   -1  0.089  (0,4,255,173)
  82  0.042  0.546  0.320  0.618  0.995  0.260  0.000  1.0  0.523  Y   -1  0.122  (116,0,414,198)
  83  0.032  0.303  0.792  0.904  0.824  0.041  0.142  1.0  0.544  N    1  0.040  (675,1,845,114)
  84  0.031  0.467  0.329  0.761  0.957  0.188  0.000  1.0  0.499  Y   -1  0.089  (336,0,591,169)
  85  0.029  0.529  0.326  0.569  0.999  0.261  0.000  1.0  0.534  Y   -1  0.122  (174,0,472,198)
  86  0.027  0.455  0.326  0.788  0.944  0.188  0.000  1.0  0.477  Y   -1  0.089  (260,0,515,169)
  87  0.022  0.487  0.355  0.850  0.715  0.203  0.000  1.0  0.400  Y   -1  0.062  (291,34,504,175)
  88  0.021  0.429  0.364  0.869  0.897  0.280  0.000  1.0  0.486  Y   -1  0.089  (338,39,593,208)
  89  0.016  0.422  0.359  0.855  0.906  0.278  0.000  1.0  0.476  Y   -1  0.089  (389,39,644,208)
  90  0.015  0.445  0.309  0.756  0.960  0.201  0.000  1.0  0.423  Y   -1  0.089  (157,5,412,174)
  91  0.010  0.221  0.789  0.885  0.834  0.040  0.101  1.0  0.583  N    1  0.040  (663,0,833,113)
  92  0.005  0.407  0.331  0.711  0.976  0.139  0.000  1.0  0.396  Y   -1  0.062  (281,7,494,148)
  93  -0.004  0.248  0.798  0.924  0.825  0.040  0.182  1.0  0.506  N    1  0.040  (683,0,853,113)
  94  -0.015  0.335  0.572  0.854  0.533  0.167  0.000  1.0  0.811  N    1  0.089  (598,0,853,169)
  95  -0.017  0.280  0.666  0.812  0.653  0.104  0.047  1.0  0.718  N    1  0.062  (640,3,853,144)
  96  -0.018  0.406  0.293  0.640  0.992  0.189  0.000  1.0  0.418  Y   -1  0.089  (98,1,353,170)
  97  -0.103  0.176  0.727  0.964  0.787  0.051  0.304  1.0  0.407  N    1  0.040  (626,0,796,113)
  98  -0.133  0.578  0.467  0.748  0.267  0.245  0.345  1.0  0.596  N    1  0.122  (492,0,790,198)
  99  -0.141  0.000  0.761  0.935  0.818  0.047  0.223  1.0  0.478  N    1  0.040  (638,0,808,113)
 100  -0.177  0.102  0.564  0.831  0.486  0.184  0.109  1.0  0.714  N    1  0.089  (598,7,853,176)
