图片: 5211
候选框数量: 100
权重: W_AES=0.45 W_CONTENT=0.25 W_THIRDS=0.15 W_CENTER=0.15 W_DEP=-0.1 W_PEN=0.4

排名  final   aes    con    3rd    ctr    dep    pen    rule   L  i    area   box
   1  0.819  0.940  0.781  0.983  0.747  0.586  0.000  0.991  N    0  0.250  (213,92,639,329)
   2  0.809  1.000  0.811  0.942  0.547  0.671  0.000  0.977  N    0  0.359  (247,69,758,353)
   3  0.793  0.976  0.720  0.910  0.614  0.549  0.000  0.981  N    0  0.359  (170,40,681,324)
   4  0.788  0.924  0.858  0.958  0.481  0.578  0.000  0.979  N    0  0.250  (276,92,702,329)
   5  0.763  0.910  0.688  0.819  0.927  0.807  0.000  0.999  N    0  0.359  (170,97,681,381)
   6  0.761  0.936  0.840  0.820  0.473  0.643  0.000  0.982  N    0  0.250  (290,108,716,345)
   7  0.759  0.618  0.928  0.852  0.910  0.152  0.000  0.687  Y   -1  0.159  (456,50,797,239)
   8  0.756  0.722  0.897  0.613  0.995  0.347  0.000  0.701  Y   -1  0.159  (456,94,797,283)
   9  0.753  0.819  0.749  0.886  0.884  0.685  0.000  0.999  N    0  0.250  (213,116,639,353)
  10  0.727  0.782  0.716  0.944  0.821  0.680  0.000  0.991  N    0  0.359  (170,69,681,353)
  11  0.722  0.634  0.890  0.753  0.960  0.424  0.000  0.680  Y   -1  0.159  (415,108,756,297)
  12  0.722  0.614  0.910  0.726  0.965  0.350  0.000  0.736  Y   -1  0.250  (427,49,853,286)
  13  0.704  0.751  0.806  0.867  0.699  0.703  0.000  0.751  Y   -1  0.250  (417,128,843,365)
  14  0.700  0.709  0.821  0.976  0.532  0.507  0.000  0.981  N    0  0.250  (231,73,657,310)
  15  0.695  0.774  0.602  0.913  0.856  0.688  0.000  0.977  N    0  0.359  (93,69,604,353)
  16  0.693  0.727  0.656  0.927  0.818  0.594  0.000  0.979  N    0  0.250  (149,92,575,329)
  17  0.686  0.485  0.919  0.841  0.917  0.259  0.000  0.725  Y   -1  0.250  (417,30,843,267)
  18  0.683  0.506  0.920  0.736  0.965  0.296  0.000  0.675  Y   -1  0.159  (420,83,761,272)
  19  0.677  0.791  0.631  0.720  0.971  0.899  0.000  0.987  N    0  0.359  (143,118,654,402)
  20  0.673  0.429  0.929  0.936  0.823  0.159  0.000  0.652  Y   -1  0.250  (427,0,853,237)
  21  0.670  0.734  0.568  0.941  0.825  0.671  0.000  0.977  N    0  0.250  (108,110,534,347)
  22  0.658  0.497  0.874  0.793  0.935  0.433  0.000  0.707  Y   -1  0.159  (456,112,797,301)
  23  0.658  0.533  0.826  0.878  0.857  0.490  0.000  0.677  Y   -1  0.122  (444,149,742,314)
  24  0.656  0.481  0.881  0.730  0.970  0.358  0.000  0.675  Y   -1  0.122  (456,118,754,283)
  25  0.653  0.490  0.893  0.741  0.963  0.459  0.000  0.745  Y   -1  0.250  (427,73,853,310)
  26  0.651  0.471  0.878  0.634  0.992  0.246  0.000  0.578  Y   -1  0.090  (501,121,756,263)
  27  0.650  0.366  0.943  0.901  0.854  0.133  0.000  0.651  Y   -1  0.122  (447,66,745,231)
  28  0.650  0.625  0.701  0.791  0.945  0.668  0.000  0.992  N    0  0.250  (182,111,608,348)
  29  0.649  0.502  0.864  0.876  0.882  0.567  0.000  0.753  Y   -1  0.250  (427,97,853,334)
  30  0.645  0.409  0.858  0.771  0.952  0.119  0.000  0.659  Y   -1  0.122  (555,65,853,230)
  31  0.640  0.461  0.873  0.686  0.979  0.347  0.000  0.717  Y   -1  0.159  (497,97,838,286)
  32  0.633  0.722  0.536  0.874  0.892  0.904  0.000  0.973  N    0  0.359  (66,118,577,402)
  33  0.629  0.527  0.786  0.908  0.766  0.557  0.000  0.997  N    0  0.122  (283,161,581,326)
  34  0.626  0.550  0.731  0.751  0.962  0.606  0.000  0.994  N    0  0.159  (228,146,569,335)
  35  0.625  0.641  0.706  0.924  0.739  0.892  0.000  0.983  N    0  0.359  (219,118,730,402)
  36  0.624  0.332  0.910  0.786  0.937  0.117  0.000  0.569  Y   -1  0.090  (486,86,741,228)
  37  0.615  0.297  0.943  0.911  0.857  0.193  0.000  0.659  Y   -1  0.159  (405,62,746,251)
  38  0.611  0.552  0.668  0.814  0.929  0.661  0.000  0.980  N    0  0.159  (199,170,540,359)
  39  0.605  0.726  0.889  0.728  0.169  0.572  0.053  0.953  Y    0  0.359  (342,50,853,334)
  40  0.604  0.312  0.881  0.752  0.961  0.141  0.000  0.697  Y   -1  0.159  (512,48,853,237)
  41  0.600  0.357  0.872  0.646  0.991  0.240  0.000  0.571  Y   -1  0.090  (540,121,795,263)
  42  0.598  0.376  0.848  0.857  0.879  0.434  0.000  0.723  Y   -1  0.159  (497,116,838,305)
  43  0.598  0.328  0.887  0.666  0.985  0.185  0.000  0.677  Y   -1  0.122  (508,88,806,253)
  44  0.598  0.503  0.708  0.727  0.965  0.591  0.000  0.990  N    0  0.159  (209,140,550,329)
  45  0.597  0.471  0.759  0.694  0.979  0.554  0.000  0.991  N    0  0.122  (231,156,529,321)
  46  0.593  0.424  0.782  0.958  0.799  0.571  0.000  0.997  N    0  0.159  (255,135,596,324)
  47  0.587  0.328  0.850  0.773  0.949  0.311  0.000  0.576  Y   -1  0.090  (540,135,795,277)
  48  0.587  0.589  0.807  0.740  0.451  0.583  0.000  0.989  N    0  0.159  (313,141,654,330)
  49  0.587  0.536  0.711  0.921  0.717  0.774  0.000  0.986  N    0  0.250  (249,141,675,378)
  50  0.578  0.329  0.835  0.807  0.920  0.378  0.000  0.590  Y   -1  0.090  (484,147,739,289)
  51  0.577  0.493  0.629  0.928  0.804  0.615  0.000  0.979  N    0  0.159  (152,147,493,336)
  52  0.562  0.577  0.558  0.918  0.836  1.000  0.000  0.978  N    0  0.359  (143,146,654,430)
  53  0.557  0.266  0.853  0.797  0.929  0.344  0.000  0.678  Y   -1  0.122  (555,121,853,286)
  54  0.557  0.495  0.765  0.779  0.604  0.644  0.000  0.662  Y   -1  0.159  (443,170,784,359)
  55  0.556  0.511  0.591  0.756  0.955  0.782  0.000  0.979  N    0  0.250  (142,141,568,378)
  56  0.552  0.344  0.809  1.000  0.653  0.526  0.000  0.992  N    0  0.159  (262,121,603,310)
  57  0.552  0.526  0.815  0.712  0.393  0.539  0.000  0.990  N    0  0.122  (329,154,627,319)
  58  0.548  0.615  0.502  0.854  0.566  0.669  0.000  0.967  N    0  0.250  (57,109,483,346)
  59  0.547  0.169  0.928  0.786  0.947  0.215  0.000  0.650  Y   -1  0.122  (432,91,730,256)
  60  0.541  0.493  0.618  0.903  0.551  0.536  0.000  0.974  N    0  0.122  (154,147,452,312)
  61  0.540  0.432  0.838  0.962  0.455  0.514  0.062  0.976  N    0  0.159  (297,119,638,308)
  62  0.538  0.709  0.904  0.533  0.118  0.448  0.149  0.828  Y    0  0.359  (342,21,853,305)
  63  0.536  0.467  0.592  0.936  0.813  0.846  0.000  0.979  N    0  0.250  (185,165,611,402)
  64  0.533  0.177  0.889  0.665  0.986  0.161  0.000  0.566  Y   -1  0.090  (540,106,795,248)
  65  0.531  0.279  0.817  0.904  0.792  0.532  0.000  0.721  Y   -1  0.159  (464,137,805,326)
  66  0.528  0.338  0.708  0.937  0.829  0.658  0.000  0.989  N    0  0.159  (249,170,590,359)
  67  0.526  0.300  0.799  0.908  0.761  0.589  0.000  0.690  Y   -1  0.159  (415,150,756,339)
  68  0.526  0.190  0.875  0.671  0.985  0.266  0.000  0.581  Y   -1  0.090  (489,124,744,266)
  69  0.520  0.177  0.864  0.761  0.954  0.334  0.000  0.686  Y   -1  0.122  (512,117,810,282)
  70  0.510  0.326  0.753  0.917  0.679  0.647  0.000  0.988  N    0  0.159  (279,165,620,354)
  71  0.509  0.091  0.888  0.784  0.939  0.129  0.000  0.671  Y   -1  0.122  (504,69,802,234)
  72  0.507  0.180  0.810  0.885  0.856  0.376  0.000  0.573  Y   -1  0.090  (586,154,841,296)
  73  0.506  0.145  0.875  0.628  0.994  0.210  0.000  0.669  Y   -1  0.122  (555,94,853,259)
  74  0.503  0.556  0.862  0.642  0.213  0.699  0.053  0.962  Y    0  0.359  (342,78,853,362)
  75  0.499  0.524  0.801  0.537  0.366  0.727  0.000  0.977  N    0  0.250  (316,130,742,367)
  76  0.490  0.265  0.704  0.795  0.938  0.650  0.000  0.987  N    0  0.159  (228,165,569,354)
  77  0.488  0.343  0.650  0.663  0.987  0.759  0.000  0.988  N    0  0.250  (178,135,604,372)
  78  0.486  0.219  0.786  0.877  0.731  0.503  0.000  0.700  Y   -1  0.122  (493,159,791,324)
  79  0.480  0.092  0.860  0.657  0.989  0.235  0.000  0.564  Y   -1  0.090  (578,121,833,263)
  80  0.477  0.260  0.778  0.839  0.683  0.628  0.000  0.674  Y   -1  0.159  (414,163,755,352)
  81  0.475  0.250  0.655  0.856  0.906  0.654  0.000  0.978  N    0  0.159  (177,165,518,354)
  82  0.472  0.097  0.877  0.581  0.999  0.281  0.000  0.711  Y   -1  0.159  (506,84,847,273)
  83  0.463  0.138  0.803  0.891  0.757  0.469  0.000  0.689  Y   -1  0.122  (555,153,853,318)
  84  0.455  0.066  0.816  0.876  0.859  0.390  0.000  0.583  Y   -1  0.090  (534,154,789,296)
  85  0.452  0.166  0.703  0.850  0.884  0.585  0.000  0.980  N    0  0.122  (227,185,525,350)
  86  0.439  0.153  0.794  0.834  0.682  0.560  0.000  0.726  Y   -1  0.159  (512,149,853,338)
  87  0.417  0.357  0.545  0.790  0.397  0.579  0.000  0.967  N    0  0.159  (96,135,437,324)
  88  0.417  0.173  0.758  0.772  0.607  0.578  0.000  0.603  Y   -1  0.122  (450,181,748,346)
  89  0.387  0.168  0.756  0.841  0.417  0.660  0.000  0.979  N    0  0.159  (314,173,655,362)
  90  0.384  0.099  0.761  0.792  0.611  0.610  0.000  0.707  Y   -1  0.159  (502,164,843,353)
  91  0.379  0.333  0.608  0.557  0.335  0.564  0.000  0.968  N    0  0.122  (119,161,417,326)
  92  0.375  0.202  0.578  0.982  0.528  0.872  0.000  0.974  N    0  0.250  (244,179,670,416)
  93  0.354  0.000  0.644  0.958  0.778  0.677  0.000  0.981  N    0  0.159  (228,184,569,373)
  94  0.350  0.211  0.623  0.603  0.453  0.595  0.000  0.564  Y   -1  0.122  (495,193,793,358)
  95  0.345  0.075  0.782  0.781  0.379  0.580  0.000  0.982  N    0  0.122  (329,180,627,345)
  96  0.337  0.127  0.540  0.853  0.694  0.873  0.000  0.972  N    0  0.250  (171,179,597,416)
  97  0.326  0.242  0.469  0.845  0.491  1.000  0.000  0.969  N    1  0.359  (170,186,681,470)
  98  0.321  0.109  0.668  0.618  0.468  0.577  0.000  0.568  Y   -1  0.122  (555,189,853,354)
  99  0.292  0.252  0.799  0.448  0.219  0.603  0.152  0.979  N    0  0.159  (356,150,697,339)
 100  0.257  0.077  0.768  0.703  0.227  0.659  0.107  0.972  N    0  0.159  (349,174,690,363)
