图片: 7048
候选框数量: 100
权重: W_AES=0.45 W_CONTENT=0.25 W_THIRDS=0.15 W_CENTER=0.15 W_DEP=-0.1 W_PEN=0.4

排名  final   aes    con    3rd    ctr    dep    pen    rule   L  i    area   box
   1  0.720  0.872  0.824  0.810  0.936  0.725  0.169  0.965  N    2  0.360  (163,22,802,502)
   2  0.684  0.905  0.830  0.782  0.939  0.773  0.278  0.977  N    3  0.250  (244,103,777,503)
   3  0.680  0.921  0.856  0.938  0.830  0.494  0.410  0.972  N    3  0.250  (266,59,799,459)
   4  0.663  1.000  0.844  0.712  0.972  0.507  0.500  0.959  N    2  0.250  (171,65,704,465)
   5  0.649  0.918  0.844  0.815  0.931  0.544  0.456  0.966  N    3  0.250  (216,70,749,470)
   6  0.633  0.904  0.861  0.927  0.816  0.504  0.500  0.970  N    3  0.160  (392,144,818,464)
   7  0.633  0.963  0.811  0.589  0.998  0.411  0.500  0.965  N    3  0.160  (225,137,651,457)
   8  0.622  0.851  0.897  0.759  0.951  0.411  0.500  0.959  N    3  0.122  (334,166,707,446)
   9  0.620  0.922  0.778  0.657  0.989  0.905  0.365  0.968  N    2  0.360  (118,73,757,553)
  10  0.602  0.955  0.772  0.804  0.939  0.826  0.500  0.960  N    2  0.360  (67,70,706,550)
  11  0.596  0.877  0.805  0.677  0.984  0.487  0.500  0.965  N    3  0.160  (205,150,631,470)
  12  0.593  0.938  0.802  0.632  0.992  0.729  0.500  0.967  N    3  0.250  (171,105,704,505)
  13  0.585  0.845  0.829  0.680  0.983  0.525  0.500  0.973  N    3  0.160  (256,152,682,472)
  14  0.578  0.758  0.880  0.810  0.916  0.575  0.461  0.980  N    3  0.160  (333,150,759,470)
  15  0.578  0.889  0.751  0.967  0.785  0.723  0.500  0.958  N    3  0.250  (76,131,609,531)
  16  0.568  0.830  0.811  0.898  0.872  0.744  0.500  0.973  N    0  0.360  (213,27,852,507)
  17  0.562  0.691  0.780  0.855  0.900  0.961  0.278  0.985  N    3  0.250  (244,143,777,543)
  18  0.552  0.845  0.750  0.852  0.910  0.941  0.464  0.971  N    3  0.360  (95,103,734,583)
  19  0.550  0.743  0.854  0.756  0.957  0.543  0.500  0.979  N    3  0.160  (297,151,723,471)
  20  0.547  0.857  0.779  0.878  0.850  0.925  0.500  0.975  N    0  0.360  (258,70,897,550)
  21  0.545  0.795  0.763  0.801  0.939  0.641  0.500  0.969  N    3  0.122  (207,209,580,489)
  22  0.538  0.822  0.791  0.766  0.954  0.874  0.500  0.976  N    2  0.360  (191,55,830,535)
  23  0.538  0.808  0.749  0.922  0.845  0.784  0.500  0.972  N    3  0.160  (179,208,605,528)
  24  0.521  0.760  0.807  0.932  0.782  0.797  0.500  0.965  N    0  0.250  (376,109,909,509)
  25  0.521  0.792  0.743  0.980  0.752  0.814  0.500  0.967  N    3  0.250  (97,160,630,560)
  26  0.518  0.788  0.754  0.830  0.913  0.865  0.500  0.973  N    3  0.250  (164,143,697,543)
  27  0.509  0.723  0.828  0.833  0.894  0.822  0.500  0.978  N    3  0.250  (296,110,829,510)
  28  0.490  0.649  0.858  0.871  0.878  0.785  0.500  0.974  N    3  0.160  (405,176,831,496)
  29  0.490  0.751  0.759  0.958  0.787  1.000  0.500  0.978  N    0  0.360  (286,103,925,583)
  30  0.484  0.621  0.847  0.708  0.974  0.597  0.500  0.976  N    3  0.122  (264,201,637,481)
  31  0.478  0.680  0.745  0.910  0.850  0.994  0.447  0.985  N    3  0.250  (205,172,738,572)
  32  0.478  0.664  0.720  0.938  0.726  0.506  0.500  0.962  N    3  0.160  (451,150,877,470)
  33  0.473  0.637  0.803  0.778  0.944  0.724  0.500  0.976  N    3  0.160  (233,183,659,503)
  34  0.470  0.706  0.757  0.841  0.910  1.000  0.500  0.985  N    3  0.360  (191,103,830,583)
  35  0.461  0.658  0.792  0.911  0.857  0.983  0.500  0.980  N    0  0.250  (323,143,856,543)
  36  0.460  0.524  0.764  0.938  0.827  1.000  0.330  0.993  N    3  0.250  (244,183,777,583)
  37  0.451  0.872  0.712  0.789  0.417  1.000  0.500  0.954  N    0  0.360  (308,320,947,800)
  38  0.439  0.533  0.898  0.820  0.919  0.863  0.500  0.982  N    3  0.160  (361,183,787,503)
  39  0.428  0.576  0.725  0.958  0.800  0.762  0.500  0.966  N    3  0.160  (141,206,567,526)
  40  0.427  0.520  0.855  0.778  0.948  0.798  0.500  0.985  N    3  0.160  (297,183,723,503)
  41  0.417  0.469  0.900  0.767  0.956  0.777  0.500  0.990  N    3  0.122  (341,214,714,494)
  42  0.406  0.495  0.858  0.823  0.924  0.932  0.500  0.992  N    3  0.160  (321,199,747,519)
  43  0.404  0.514  0.815  0.872  0.895  0.965  0.500  0.992  N    3  0.160  (297,215,723,535)
  44  0.403  0.529  0.717  0.932  0.741  1.000  0.414  0.989  N    3  0.250  (217,216,750,616)
  45  0.400  0.501  0.794  0.855  0.900  0.869  0.500  0.984  N    3  0.160  (255,207,681,527)
  46  0.397  0.559  0.730  0.952  0.799  1.000  0.500  0.995  N    3  0.360  (191,151,830,631)
  47  0.391  0.509  0.777  0.901  0.857  0.958  0.500  0.990  N    3  0.160  (269,226,695,546)
  48  0.391  0.389  0.860  0.908  0.850  0.625  0.500  0.975  N    3  0.122  (426,196,799,476)
  49  0.390  0.528  0.766  0.965  0.770  1.000  0.500  0.976  N    0  0.250  (391,171,924,571)
  50  0.373  0.540  0.729  0.979  0.589  0.872  0.500  0.969  N    3  0.250  (76,214,609,614)
  51  0.367  0.667  0.694  0.807  0.459  0.973  0.500  0.689  Y    3  0.250  (129,290,662,690)
  52  0.362  0.451  0.783  0.950  0.805  1.000  0.500  0.989  N    0  0.250  (328,189,861,589)
  53  0.361  0.472  0.759  0.982  0.744  1.000  0.500  0.983  N    0  0.250  (355,219,888,619)
  54  0.357  0.452  0.727  0.967  0.665  1.000  0.432  0.973  N    0  0.360  (377,149,1016,629)
  55  0.350  0.541  0.708  0.858  0.675  1.000  0.500  0.978  N    3  0.250  (160,230,693,630)
  56  0.343  0.390  0.805  0.907  0.865  1.000  0.500  0.995  N    3  0.160  (326,233,752,553)
  57  0.342  0.442  0.698  0.927  0.806  0.914  0.500  0.969  N    0  0.160  (463,194,889,514)
  58  0.341  0.468  0.740  0.986  0.653  1.000  0.500  0.982  N    0  0.360  (281,197,920,677)
  59  0.335  0.521  0.714  0.927  0.420  0.798  0.500  0.583  Y    3  0.250  (0,239,533,639)
  60  0.330  0.590  0.704  0.730  0.528  1.000  0.500  0.768  Y    0  0.250  (252,301,785,701)
  61  0.328  0.610  0.715  0.749  0.416  1.000  0.500  0.908  Y    0  0.360  (282,320,921,800)
  62  0.322  0.348  0.805  0.892  0.870  1.000  0.500  0.966  N    3  0.160  (392,242,818,562)
  63  0.320  0.391  0.725  0.903  0.851  1.000  0.500  0.978  N    0  0.160  (445,225,871,545)
  64  0.317  0.335  0.733  0.957  0.798  0.804  0.500  0.969  N    0  0.122  (496,216,869,496)
  65  0.316  0.453  0.724  0.990  0.552  1.000  0.500  0.958  N    0  0.360  (377,245,1016,725)
  66  0.312  0.382  0.673  0.966  0.677  0.751  0.500  0.957  N    0  0.160  (531,182,957,502)
  67  0.310  0.420  0.719  0.965  0.644  1.000  0.500  0.971  N    0  0.250  (370,268,903,668)
  68  0.307  0.403  0.731  0.998  0.618  1.000  0.500  0.968  N    0  0.360  (377,197,1016,677)
  69  0.304  0.348  0.748  0.966  0.747  1.000  0.492  0.993  N    3  0.250  (278,225,811,625)
  70  0.288  0.568  0.682  0.712  0.369  1.000  0.500  0.731  Y    5  0.360  (117,320,756,800)
  71  0.287  0.344  0.714  0.965  0.727  1.000  0.500  0.975  N    0  0.250  (430,197,963,597)
  72  0.283  0.536  0.706  0.646  0.454  1.000  0.500  0.966  N    0  0.250  (312,338,845,738)
  73  0.281  0.558  0.703  0.618  0.409  1.000  0.500  0.968  Y    0  0.360  (213,320,852,800)
  74  0.275  0.535  0.703  0.606  0.453  1.000  0.500  0.921  Y    0  0.360  (186,301,825,781)
  75  0.274  0.589  0.681  0.587  0.298  0.943  0.500  0.954  N    0  0.250  (319,389,852,789)
  76  0.266  0.265  0.729  0.956  0.804  1.000  0.500  0.978  N    0  0.160  (420,277,846,597)
  77  0.260  0.531  0.674  0.655  0.266  0.854  0.500  0.759  Y    0  0.250  (239,389,772,789)
  78  0.258  0.344  0.579  0.988  0.729  0.990  0.500  0.954  N    1  0.160  (625,238,1051,558)
  79  0.256  0.291  0.689  0.997  0.688  1.000  0.500  0.968  N    0  0.250  (430,237,963,637)
  80  0.255  0.286  0.665  0.980  0.754  1.000  0.500  0.966  N    0  0.160  (469,297,895,617)
  81  0.253  0.281  0.686  0.919  0.778  1.000  0.500  0.966  N    0  0.160  (531,226,957,546)
  82  0.250  0.313  0.671  0.987  0.620  1.000  0.500  0.960  N    0  0.250  (430,277,963,677)
  83  0.240  0.295  0.661  0.935  0.680  1.000  0.500  0.965  N    0  0.160  (444,320,870,640)
  84  0.236  0.229  0.679  0.960  0.795  1.000  0.500  0.968  N    0  0.160  (484,277,910,597)
  85  0.234  0.225  0.680  0.932  0.820  1.000  0.500  0.974  N    0  0.160  (484,245,910,565)
  86  0.232  0.423  0.682  0.702  0.435  1.000  0.500  0.956  N    0  0.250  (362,348,895,748)
  87  0.229  0.200  0.697  0.926  0.842  1.000  0.500  0.969  N    0  0.122  (492,306,865,586)
  88  0.229  0.333  0.641  0.805  0.653  1.000  0.500  0.956  N    0  0.250  (532,178,1065,578)
  89  0.223  0.466  0.688  0.562  0.382  1.000  0.500  0.767  Y    0  0.250  (239,349,772,749)
  90  0.218  0.171  0.708  0.869  0.892  1.000  0.500  0.977  N    0  0.122  (486,268,859,548)
  91  0.218  0.238  0.659  0.925  0.715  1.000  0.500  0.968  N    0  0.250  (462,188,995,588)
  92  0.218  0.197  0.677  0.977  0.754  1.000  0.500  0.959  N    0  0.160  (510,300,936,620)
  93  0.217  0.175  0.699  0.945  0.811  1.000  0.500  0.959  N    0  0.160  (547,277,973,597)
  94  0.207  0.398  0.680  0.684  0.241  0.815  0.500  0.812  Y    0  0.250  (266,400,799,800)
  95  0.203  0.229  0.665  0.889  0.671  1.000  0.500  0.957  N    0  0.250  (533,214,1066,614)
  96  0.198  0.407  0.693  0.588  0.343  0.976  0.500  0.819  Y    0  0.250  (266,368,799,768)
  97  0.193  0.181  0.665  0.962  0.676  1.000  0.500  0.956  N    0  0.250  (510,237,1043,637)
  98  0.189  0.114  0.716  0.860  0.864  1.000  0.500  0.969  N    0  0.122  (537,270,910,550)
  99  0.144  0.005  0.711  0.923  0.839  1.000  0.500  0.958  N    0  0.122  (553,316,926,596)
 100  0.065  0.000  0.634  0.792  0.583  1.000  0.500  0.956  N    0  0.122  (499,367,872,647)
