图片: A01
候选框数量: 100
权重: W_AES=0.29 W_CONTENT=0.2 W_THIRDS=0.22 W_CENTER=0.3 W_DEP=-0.25 W_CLIP_PEN=0.6 W_MISSING_PEN=-0.5

排名  final   aes    con    3rd    ctr    dep    pen    msg    rule   L  i    area   box
   1  0.854  1.000  0.932  0.891  0.844  0.426  0.000  0.0  0.953  N    0  0.360  (83,0,542,205)
   2  0.813  0.822  0.921  0.940  0.824  0.379  0.000  0.0  0.955  N    0  0.250  (108,26,490,197)
   3  0.746  0.762  0.877  0.861  0.683  0.319  0.000  0.0  0.953  N    0  0.159  (101,61,407,197)
   4  0.741  0.803  0.894  0.846  0.701  0.435  0.000  0.0  0.954  N    0  0.250  (53,50,435,221)
   5  0.730  0.742  0.843  0.981  0.512  0.356  0.000  0.0  0.964  N    0  0.159  (146,63,452,199)
   6  0.730  0.796  0.871  0.924  0.586  0.471  0.000  0.0  0.965  N    0  0.250  (97,54,479,225)
   7  0.720  0.670  0.847  0.836  0.921  0.470  0.000  0.0  0.937  Y    0  0.360  (306,2,765,207)
   8  0.718  0.958  0.891  0.726  0.344  0.277  0.000  0.0  0.960  N    0  0.250  (191,0,573,171)
   9  0.715  0.830  0.910  0.724  0.491  0.231  0.000  0.0  0.954  N    0  0.159  (183,25,489,161)
  10  0.701  0.959  0.892  0.669  0.497  0.437  0.000  0.0  0.968  N    0  0.360  (152,0,611,205)
  11  0.692  0.638  0.831  0.965  0.470  0.295  0.000  0.0  0.962  N    0  0.121  (156,71,423,190)
  12  0.689  0.558  0.855  0.653  0.988  0.221  0.000  0.0  0.955  N    0  0.121  (310,42,577,161)
  13  0.687  0.595  0.835  0.695  0.979  0.334  0.000  0.0  0.957  N    0  0.159  (309,47,615,183)
  14  0.685  0.839  0.878  0.774  0.439  0.406  0.000  0.0  0.969  N    0  0.250  (174,27,556,198)
  15  0.685  0.501  0.850  0.786  0.945  0.308  0.000  0.0  0.888  Y    0  0.250  (343,3,725,174)
  16  0.683  0.891  0.871  0.753  0.545  0.575  0.000  0.0  0.949  Y    0  0.360  (0,53,459,258)
  17  0.674  0.368  0.866  0.863  0.863  0.185  0.000  0.0  0.646  Y    0  0.159  (363,0,669,136)
  18  0.673  0.924  0.903  0.625  0.259  0.219  0.000  0.0  0.959  N    0  0.159  (217,22,523,158)
  19  0.663  0.516  0.823  0.760  0.956  0.397  0.000  0.0  0.971  N    0  0.159  (272,60,578,196)
  20  0.661  0.573  0.646  0.862  0.894  0.416  0.000  0.0  0.617  Y   -1  0.159  (14,108,320,244)
  21  0.655  0.454  0.830  0.749  0.960  0.318  0.000  0.0  0.967  N    0  0.121  (298,62,565,181)
  22  0.651  0.675  0.846  0.888  0.359  0.365  0.000  0.0  0.970  N    0  0.159  (180,61,486,197)
  23  0.648  0.689  0.874  0.815  0.358  0.316  0.000  0.0  0.967  N    0  0.159  (197,47,503,183)
  24  0.644  0.477  0.675  0.857  0.899  0.364  0.000  0.0  0.584  Y   -1  0.121  (55,110,322,229)
  25  0.640  0.471  0.590  0.935  0.833  0.345  0.000  0.0  0.575  Y   -1  0.121  (9,113,276,232)
  26  0.637  0.563  0.802  0.688  0.980  0.507  0.000  0.0  0.965  N    0  0.250  (285,53,667,224)
  27  0.635  0.704  0.837  0.886  0.364  0.500  0.000  0.0  0.978  N    0  0.250  (161,52,543,223)
  28  0.633  0.415  0.850  0.684  0.983  0.313  0.000  0.0  0.960  N    0  0.159  (287,43,593,179)
  29  0.632  0.713  0.899  0.622  0.421  0.227  0.000  0.0  0.958  N    0  0.121  (200,43,467,162)
  30  0.626  0.443  0.833  0.697  0.979  0.399  0.000  0.0  0.662  Y    0  0.250  (368,22,750,193)
  31  0.611  0.775  0.840  0.743  0.325  0.489  0.000  0.0  0.901  Y    1  0.250  (19,76,401,247)
  32  0.610  0.737  0.842  0.752  0.363  0.482  0.000  0.0  0.959  N    0  0.250  (22,73,404,244)
  33  0.610  0.346  0.673  0.846  0.914  0.317  0.000  0.0  0.477  Y   -1  0.089  (99,114,328,216)
  34  0.602  0.462  0.562  0.851  0.910  0.446  0.000  0.0  0.608  Y   -1  0.159  (0,121,306,257)
  35  0.593  0.476  0.666  0.705  0.977  0.470  0.000  0.0  0.636  Y   -1  0.159  (106,108,412,244)
  36  0.590  0.457  0.662  0.702  0.979  0.444  0.000  0.0  0.626  Y   -1  0.159  (60,108,366,244)
  37  0.584  0.589  0.581  0.684  0.983  0.599  0.000  0.0  0.666  Y   -1  0.250  (0,118,382,289)
  38  0.582  0.576  0.839  0.797  0.259  0.307  0.000  0.0  0.970  N    0  0.121  (204,67,471,186)
  39  0.582  0.379  0.801  0.687  0.982  0.480  0.000  0.0  0.953  N    0  0.250  (326,46,708,217)
  40  0.572  0.505  0.845  0.826  0.313  0.350  0.000  0.0  0.952  N    1  0.159  (52,80,358,216)
  41  0.567  0.671  0.834  0.781  0.222  0.496  0.000  0.0  0.981  N    0  0.250  (201,49,583,220)
  42  0.563  0.535  0.831  0.817  0.402  0.512  0.000  0.0  0.972  N    0  0.250  (94,69,476,240)
  43  0.560  0.698  0.838  0.596  0.423  0.494  0.000  0.0  0.965  N    0  0.250  (61,70,443,241)
  44  0.554  0.722  0.823  0.662  0.171  0.403  0.000  0.0  0.979  N    0  0.159  (214,66,520,202)
  45  0.552  0.252  0.801  0.642  0.992  0.353  0.000  0.0  0.960  N    0  0.121  (343,69,610,188)
  46  0.546  0.434  0.584  0.643  0.992  0.475  0.000  0.0  0.620  Y   -1  0.159  (60,121,366,257)
  47  0.546  0.225  0.796  0.704  0.976  0.418  0.000  0.0  0.963  N    0  0.159  (326,66,632,202)
  48  0.542  0.307  0.512  0.824  0.917  0.410  0.000  0.0  0.572  Y   -1  0.121  (39,131,306,250)
  49  0.541  0.245  0.774  0.701  0.979  0.455  0.000  0.0  0.966  N    0  0.159  (333,77,639,213)
  50  0.540  0.698  0.882  0.509  0.281  0.362  0.000  0.0  0.965  N    0  0.250  (207,17,589,188)
  51  0.540  0.192  0.679  0.799  0.935  0.377  0.000  0.0  0.495  Y   -1  0.089  (195,110,424,212)
  52  0.536  0.213  0.823  0.578  0.999  0.299  0.000  0.0  0.589  Y    0  0.159  (368,41,674,177)
  53  0.535  0.289  0.464  0.846  0.912  0.394  0.000  0.0  0.564  Y   -1  0.121  (0,132,267,251)
  54  0.529  0.340  0.607  0.682  0.984  0.485  0.000  0.0  0.631  Y   -1  0.159  (102,117,408,253)
  55  0.528  0.317  0.388  0.895  0.875  0.440  0.000  0.0  0.545  Y   -1  0.121  (0,154,267,273)
  56  0.528  0.267  0.507  0.865  0.900  0.460  0.000  0.0  0.560  Y   -1  0.121  (101,158,368,277)
  57  0.525  0.327  0.476  0.809  0.928  0.488  0.000  0.0  0.589  Y   -1  0.159  (2,138,308,274)
  58  0.523  0.501  0.808  0.702  0.283  0.339  0.000  0.0  0.965  N    1  0.121  (137,86,404,205)
  59  0.523  0.216  0.589  0.742  0.962  0.348  0.000  0.0  0.478  Y   -1  0.089  (99,125,328,227)
  60  0.522  0.199  0.506  0.874  0.888  0.369  0.000  0.0  0.473  Y   -1  0.089  (99,135,328,237)
  61  0.522  0.461  0.808  0.795  0.275  0.417  0.000  0.0  0.971  N    1  0.159  (134,83,440,219)
  62  0.520  0.788  0.888  0.597  0.202  0.280  0.098  0.0  0.953  N    0  0.250  (225,0,607,171)
  63  0.517  0.278  0.493  0.856  0.905  0.511  0.000  0.0  0.585  Y   -1  0.159  (44,146,350,282)
  64  0.517  0.271  0.511  0.848  0.912  0.517  0.000  0.0  0.588  Y   -1  0.159  (85,149,391,285)
  65  0.516  0.247  0.612  0.714  0.973  0.432  0.000  0.0  0.601  Y   -1  0.121  (140,115,407,234)
  66  0.516  0.229  0.459  0.959  0.799  0.451  0.000  0.0  0.554  Y   -1  0.121  (45,154,312,273)
  67  0.507  0.303  0.361  0.890  0.853  0.468  0.000  0.0  0.512  Y   -1  0.121  (0,176,267,295)
  68  0.507  0.789  0.898  0.756  0.185  0.183  0.196  0.0  0.956  N    0  0.159  (229,10,535,146)
  69  0.504  0.749  0.872  0.437  0.204  0.444  0.000  0.0  0.954  N    0  0.360  (221,0,680,205)
  70  0.499  0.618  0.805  0.671  0.224  0.565  0.000  0.0  0.987  N    0  0.250  (168,68,550,239)
  71  0.496  0.243  0.514  0.724  0.967  0.441  0.000  0.0  0.585  Y   -1  0.121  (104,132,371,251)
  72  0.494  0.148  0.523  0.805  0.938  0.392  0.000  0.0  0.488  Y   -1  0.089  (157,128,386,230)
  73  0.480  0.176  0.554  0.665  0.987  0.371  0.000  0.0  0.485  Y   -1  0.089  (133,125,362,227)
  74  0.470  0.591  0.803  0.599  0.194  0.530  0.000  0.0  0.920  Y    1  0.250  (22,90,404,261)
  75  0.469  0.569  0.817  0.498  0.250  0.401  0.000  0.0  0.963  N    1  0.159  (86,88,392,224)
  76  0.463  0.082  0.515  0.831  0.917  0.454  0.000  0.0  0.578  Y   -1  0.121  (143,152,410,271)
  77  0.454  0.028  0.481  0.867  0.891  0.404  0.000  0.0  0.473  Y   -1  0.089  (137,153,366,255)
  78  0.451  0.032  0.536  0.770  0.954  0.396  0.000  0.0  0.486  Y   -1  0.089  (202,150,431,252)
  79  0.442  0.049  0.525  0.761  0.954  0.452  0.000  0.0  0.595  Y   -1  0.121  (145,129,412,248)
  80  0.434  0.000  0.552  0.739  0.963  0.408  0.000  0.0  0.494  Y   -1  0.089  (200,133,429,235)
  81  0.431  0.439  0.702  0.825  0.385  0.927  0.000  0.0  0.576  Y    3  0.360  (83,137,542,342)
  82  0.431  0.446  0.806  0.483  0.229  0.334  0.000  0.0  0.961  N    1  0.121  (106,91,373,210)
  83  0.420  0.513  0.789  0.548  0.200  0.571  0.000  0.0  0.974  N    1  0.250  (79,90,461,261)
  84  0.401  0.391  0.730  0.765  0.415  0.972  0.000  0.0  0.625  Y    3  0.360  (152,137,611,342)
  85  0.386  0.486  0.725  0.596  0.435  0.962  0.000  0.0  0.601  Y    3  0.360  (221,137,680,342)
  86  0.378  0.670  0.792  0.433  0.185  0.549  0.078  0.0  0.871  Y    1  0.250  (47,93,429,264)
  87  0.374  0.794  0.827  0.202  0.041  0.646  0.000  0.0  0.966  Y    0  0.360  (0,73,459,278)
  88  0.367  0.529  0.786  0.361  0.087  0.468  0.000  0.0  0.988  N    0  0.159  (218,82,524,218)
  89  0.366  0.314  0.742  0.708  0.281  0.809  0.000  0.0  0.962  N    0  0.360  (306,82,765,287)
  90  0.361  0.387  0.769  0.490  0.114  0.470  0.000  0.0  0.985  N    1  0.159  (189,88,495,224)
  91  0.354  0.692  0.821  0.286  0.068  0.733  0.000  0.0  0.940  Y    0  0.360  (52,73,511,278)
  92  0.303  0.247  0.752  0.492  0.196  0.608  0.000  0.0  0.971  N    0  0.250  (316,79,698,250)
  93  0.282  0.564  0.750  0.678  0.150  0.534  0.234  0.0  0.756  Y    1  0.250  (0,95,382,266)
  94  0.221  0.663  0.783  0.297  0.072  0.726  0.156  0.0  0.840  Y    1  0.360  (0,94,459,299)
  95  0.215  0.697  0.902  0.684  0.134  0.158  0.500  0.0  0.955  N    0  0.121  (253,18,520,137)
  96  0.207  0.538  0.792  0.443  0.091  0.565  0.221  0.0  0.984  N    0  0.250  (230,68,612,239)
  97  0.143  0.660  0.867  0.564  0.183  0.305  0.500  0.0  0.969  N    0  0.159  (243,42,549,178)
  98  0.136  0.656  0.898  0.425  0.207  0.214  0.490  0.0  0.964  N    0  0.121  (241,39,508,158)
  99  0.098  0.562  0.829  0.601  0.119  0.333  0.500  0.0  0.980  N    0  0.121  (249,68,516,187)
 100  0.029  0.490  0.784  0.595  0.150  0.555  0.500  0.0  0.974  N    0  0.250  (271,66,653,237)
