图片: A02
候选框数量: 100
权重: W_AES=0.29 W_CONTENT=0.2 W_THIRDS=0.22 W_CENTER=0.3 W_DEP=-0.25 W_CLIP_PEN=0.6 W_MISSING_PEN=-0.5

排名  final   aes    con    3rd    ctr    dep    pen    msg    rule   L  i    area   box
   1  0.787  0.923  0.531  0.902  0.858  0.245  0.000  0.0  0.939  N    0  0.358  (0,9,354,274)
   2  0.769  0.858  0.571  0.818  0.922  0.205  0.000  0.0  0.932  N    0  0.249  (0,35,295,256)
   3  0.757  0.686  0.758  0.933  0.801  0.228  0.000  0.0  0.952  N    0  0.160  (63,85,299,262)
   4  0.757  0.858  0.549  0.955  0.717  0.258  0.000  0.0  0.890  Y    0  0.358  (32,14,386,279)
   5  0.756  0.694  0.657  0.912  0.850  0.156  0.000  0.0  0.933  N    0  0.160  (35,55,271,232)
   6  0.751  0.725  0.701  0.920  0.733  0.177  0.000  0.0  0.926  N    0  0.122  (0,83,206,238)
   7  0.751  0.701  0.611  0.969  0.757  0.143  0.000  0.0  0.923  N    0  0.160  (6,49,242,226)
   8  0.747  0.752  0.672  0.804  0.917  0.216  0.000  0.0  0.932  N    0  0.160  (0,79,236,256)
   9  0.743  0.712  0.608  0.920  0.851  0.221  0.000  0.0  0.943  N    0  0.249  (31,41,326,262)
  10  0.741  0.668  0.810  0.878  0.733  0.185  0.000  0.0  0.949  N    0  0.122  (80,88,286,243)
  11  0.740  0.716  0.666  0.937  0.817  0.299  0.000  0.0  0.955  N    0  0.249  (39,69,334,290)
  12  0.739  0.636  0.781  0.954  0.786  0.286  0.000  0.0  0.953  N    0  0.160  (38,108,274,285)
  13  0.732  0.690  0.730  0.760  0.958  0.224  0.000  0.0  0.945  N    0  0.160  (41,83,277,260)
  14  0.732  0.801  0.573  0.882  0.833  0.322  0.000  0.0  0.954  N    0  0.358  (19,35,373,300)
  15  0.731  0.707  0.693  0.964  0.572  0.154  0.000  0.0  0.945  N    0  0.160  (78,55,314,232)
  16  0.728  0.670  0.746  0.803  0.921  0.260  0.000  0.0  0.946  N    0  0.160  (25,97,261,274)
  17  0.725  0.549  0.811  0.926  0.834  0.241  0.000  0.0  0.944  N    0  0.122  (29,112,235,267)
  18  0.723  0.657  0.746  0.711  0.973  0.171  0.000  0.0  0.935  N    0  0.122  (38,81,244,236)
  19  0.715  0.713  0.652  0.818  0.922  0.330  0.000  0.0  0.948  N    0  0.249  (0,79,295,300)
  20  0.715  0.732  0.645  0.757  0.958  0.295  0.000  0.0  0.947  N    0  0.249  (12,67,307,288)
  21  0.715  0.747  0.597  0.909  0.853  0.408  0.000  0.0  0.958  N    0  0.358  (0,62,354,327)
  22  0.713  0.854  0.618  0.592  0.998  0.267  0.000  0.0  0.940  N    0  0.249  (0,57,295,278)
  23  0.711  0.577  0.723  0.985  0.597  0.125  0.000  0.0  0.936  N    0  0.122  (70,58,276,213)
  24  0.703  0.598  0.793  0.990  0.563  0.258  0.000  0.0  0.939  N    0  0.122  (0,119,206,274)
  25  0.703  0.685  0.619  0.971  0.496  0.121  0.000  0.0  0.910  N    0  0.122  (0,55,206,210)
  26  0.703  0.780  0.693  0.933  0.524  0.343  0.000  0.0  0.969  N    0  0.249  (70,85,365,306)
  27  0.696  0.590  0.759  0.936  0.703  0.302  0.000  0.0  0.947  N    0  0.160  (8,114,244,291)
  28  0.683  0.796  0.623  0.820  0.522  0.216  0.000  0.0  0.955  N    0  0.249  (76,40,371,261)
  29  0.681  0.566  0.688  0.857  0.694  0.123  0.000  0.0  0.928  N    0  0.122  (43,57,249,212)
  30  0.677  0.514  0.803  0.995  0.591  0.298  0.000  0.0  0.962  N    0  0.160  (63,114,299,291)
  31  0.677  0.697  0.702  0.551  1.000  0.215  0.000  0.0  0.939  N    0  0.160  (25,79,261,256)
  32  0.673  0.597  0.672  0.921  0.762  0.380  0.000  0.0  0.956  N    0  0.249  (5,97,300,318)
  33  0.673  0.736  0.566  0.918  0.404  0.140  0.000  0.0  0.943  N    0  0.249  (72,10,367,231)
  34  0.673  0.759  0.537  0.918  0.468  0.216  0.000  0.0  0.913  Y    0  0.358  (64,0,418,265)
  35  0.658  0.500  0.821  0.969  0.493  0.253  0.000  0.0  0.962  N    0  0.122  (86,120,292,275)
  36  0.655  0.648  0.702  0.962  0.495  0.397  0.000  0.0  0.973  N    0  0.249  (56,104,351,325)
  37  0.632  0.755  0.583  0.944  0.457  0.516  0.000  0.0  0.567  Y   -1  0.160  (186,217,422,394)
  38  0.630  0.567  0.758  0.880  0.509  0.330  0.000  0.0  0.950  N    0  0.160  (0,127,236,304)
  39  0.627  0.609  0.697  0.948  0.473  0.431  0.000  0.0  0.969  N    0  0.249  (39,116,334,337)
  40  0.620  0.524  0.794  0.923  0.410  0.321  0.000  0.0  0.969  N    0  0.160  (74,125,310,302)
  41  0.611  0.730  0.676  0.730  0.422  0.302  0.000  0.0  0.970  N    0  0.249  (90,71,385,292)
  42  0.609  0.700  0.674  0.744  0.564  0.432  0.000  0.0  0.958  N    0  0.249  (0,116,295,337)
  43  0.600  0.695  0.706  0.812  0.376  0.164  0.060  0.0  0.951  N    3  0.160  (105,60,341,237)
  44  0.599  0.671  0.776  0.668  0.486  0.338  0.000  0.0  0.960  N    0  0.160  (30,132,266,309)
  45  0.575  0.162  0.551  0.954  0.751  0.046  0.000  0.0  0.395  Y   -1  0.089  (218,62,395,194)
  46  0.573  0.558  0.792  0.923  0.393  0.294  0.076  0.0  0.945  N    3  0.122  (7,139,213,294)
  47  0.573  0.175  0.579  0.949  0.799  0.156  0.000  0.0  0.531  Y   -1  0.089  (223,107,400,239)
  48  0.567  0.586  0.750  0.905  0.347  0.130  0.104  0.0  0.941  N    3  0.122  (108,62,314,217)
  49  0.554  0.381  0.507  0.999  0.657  0.488  0.000  0.0  0.561  Y   -1  0.160  (142,213,378,390)
  50  0.552  0.242  0.536  0.742  0.963  0.177  0.000  0.0  0.648  Y   -1  0.160  (187,71,423,248)
  51  0.544  0.138  0.567  0.830  0.924  0.167  0.000  0.0  0.630  Y   -1  0.122  (191,88,397,243)
  52  0.541  0.109  0.582  0.772  0.952  0.086  0.000  0.0  0.524  Y   -1  0.089  (200,80,377,212)
  53  0.540  0.124  0.573  0.756  0.961  0.088  0.000  0.0  0.523  Y   -1  0.089  (217,81,394,213)
  54  0.538  0.025  0.589  0.867  0.891  0.053  0.000  0.0  0.428  Y   -1  0.062  (244,87,391,197)
  55  0.536  0.193  0.477  0.896  0.672  0.060  0.000  0.0  0.499  Y   -1  0.160  (186,26,422,203)
  56  0.533  0.105  0.610  0.924  0.730  0.172  0.000  0.0  0.533  Y   -1  0.089  (192,112,369,244)
  57  0.531  1.000  0.805  0.739  0.580  0.809  0.172  0.0  0.942  N    2  0.358  (237,130,591,395)
  58  0.529  0.560  0.798  0.659  0.486  0.290  0.057  0.0  0.956  N    3  0.122  (43,138,249,293)
  59  0.524  0.025  0.630  0.755  0.959  0.060  0.000  0.0  0.431  Y   -1  0.062  (207,90,354,200)
  60  0.515  0.249  0.564  0.871  0.598  0.258  0.000  0.0  0.641  Y   -1  0.122  (200,122,406,277)
  61  0.511  0.304  0.374  0.898  0.870  0.497  0.000  0.0  0.522  Y   -1  0.160  (39,243,275,420)
  62  0.509  0.149  0.522  0.900  0.819  0.344  0.000  0.0  0.646  Y   -1  0.160  (187,130,423,307)
  63  0.507  0.311  0.450  0.789  0.466  0.020  0.000  0.0  0.000  Y   -1  0.089  (193,24,370,156)
  64  0.504  0.033  0.575  0.934  0.679  0.128  0.000  0.0  0.438  Y   -1  0.062  (249,119,396,229)
  65  0.500  0.501  0.832  0.882  0.370  0.235  0.149  0.0  0.953  N    3  0.122  (111,112,317,267)
  66  0.499  0.233  0.469  0.820  0.927  0.468  0.000  0.0  0.542  Y   -1  0.160  (72,213,308,390)
  67  0.487  0.129  0.551  0.799  0.565  0.031  0.000  0.0  0.265  Y   -1  0.089  (194,52,371,184)
  68  0.481  0.175  0.481  0.851  0.436  0.022  0.000  0.0  0.000  Y   -1  0.089  (206,29,383,161)
  69  0.480  0.262  0.443  0.825  0.359  0.021  0.000  0.0  0.074  Y   -1  0.122  (190,6,396,161)
  70  0.479  0.679  0.785  0.807  0.332  0.262  0.194  0.0  0.913  N    3  0.160  (114,100,350,277)
  71  0.476  0.920  0.824  0.773  0.576  0.814  0.225  0.0  0.963  N    2  0.358  (237,104,591,369)
  72  0.467  0.593  0.716  0.609  0.187  0.460  0.000  0.0  0.981  N    0  0.249  (95,125,390,346)
  73  0.461  0.366  0.800  0.846  0.314  0.290  0.095  0.0  0.966  N    3  0.122  (86,140,292,295)
  74  0.459  0.153  0.454  0.792  0.939  0.498  0.000  0.0  0.545  Y   -1  0.160  (107,231,343,408)
  75  0.458  0.112  0.454  0.969  0.676  0.449  0.000  0.0  0.526  Y   -1  0.160  (0,204,236,381)
  76  0.457  0.006  0.632  0.812  0.618  0.144  0.000  0.0  0.442  Y   -1  0.062  (203,124,350,234)
  77  0.456  0.585  0.817  0.582  0.434  0.184  0.149  0.0  0.944  N    3  0.122  (111,89,317,244)
  78  0.456  0.134  0.454  0.783  0.948  0.474  0.000  0.0  0.537  Y   -1  0.160  (62,219,298,396)
  79  0.453  0.122  0.575  0.766  0.415  0.026  0.000  0.0  0.023  Y   -1  0.062  (249,61,396,171)
  80  0.453  0.136  0.435  0.902  0.745  0.462  0.000  0.0  0.529  Y   -1  0.160  (25,214,261,391)
  81  0.449  0.641  0.733  0.635  0.376  0.192  0.164  0.0  0.943  N    3  0.160  (112,72,348,249)
  82  0.447  0.132  0.409  0.814  0.927  0.500  0.000  0.0  0.531  Y   -1  0.160  (68,241,304,418)
  83  0.438  0.115  0.498  0.690  0.980  0.471  0.000  0.0  0.556  Y   -1  0.160  (115,207,351,384)
  84  0.429  0.166  0.492  0.713  0.383  0.024  0.000  0.0  0.245  Y   -1  0.122  (186,22,392,177)
  85  0.426  0.881  0.601  0.687  0.282  0.208  0.253  0.0  0.799  Y    3  0.249  (118,38,413,259)
  86  0.414  0.104  0.483  0.626  0.993  0.476  0.000  0.0  0.551  Y   -1  0.160  (107,213,343,390)
  87  0.409  0.970  0.844  0.888  0.685  0.775  0.416  0.0  0.716  Y    4  0.249  (296,221,591,442)
  88  0.407  0.141  0.516  0.683  0.326  0.024  0.000  0.0  0.022  Y   -1  0.089  (219,34,396,166)
  89  0.405  0.100  0.359  0.951  0.582  0.488  0.000  0.0  0.513  Y   -1  0.160  (0,240,236,417)
  90  0.387  0.787  0.834  0.839  0.695  0.745  0.357  0.0  0.647  Y    1  0.249  (296,196,591,417)
  91  0.387  0.000  0.578  0.679  0.402  0.023  0.000  0.0  0.000  Y   -1  0.062  (202,55,349,165)
  92  0.368  0.714  0.641  0.711  0.189  0.658  0.152  0.0  0.952  N    3  0.358  (48,143,402,408)
  93  0.357  0.430  0.803  0.654  0.219  0.288  0.160  0.0  0.967  N    3  0.122  (107,139,313,294)
  94  0.356  0.721  0.642  0.496  0.309  0.264  0.208  0.0  0.902  N    3  0.249  (115,58,410,279)
  95  0.340  0.435  0.790  0.617  0.197  0.338  0.150  0.0  0.979  N    3  0.160  (102,134,338,311)
  96  0.310  0.692  0.638  0.501  0.299  0.267  0.253  0.0  0.807  Y    3  0.249  (118,59,413,280)
  97  0.272  0.520  0.670  0.782  0.245  0.353  0.313  0.0  0.760  Y    3  0.249  (122,88,417,309)
  98  0.234  0.825  0.565  0.746  0.382  0.265  0.500  0.0  0.924  Y    0  0.358  (85,14,439,279)
  99  0.154  0.725  0.606  0.592  0.401  0.345  0.500  0.0  0.933  Y    0  0.358  (85,40,439,305)
 100  0.151  0.802  0.577  0.670  0.153  0.337  0.500  0.0  0.841  Y    3  0.358  (118,0,472,265)
