图片: A03
候选框数量: 100
权重: W_AES=0.29 W_CONTENT=0.2 W_THIRDS=0.22 W_CENTER=0.3 W_DEP=-0.25 W_CLIP_PEN=0.6 W_MISSING_PEN=-0.5

排名  final   aes    con    3rd    ctr    dep    pen    msg    rule   L  i    area   box
   1  0.825  1.000  0.917  0.677  0.985  0.364  0.000  0.0  0.601  Y   -1  0.249  (213,23,508,244)
   2  0.801  0.852  0.932  0.698  0.978  0.280  0.000  0.0  0.598  Y   -1  0.249  (191,0,486,221)
   3  0.789  0.937  0.844  0.739  0.965  0.451  0.000  0.0  0.649  Y   -1  0.358  (118,4,472,269)
   4  0.781  0.737  0.899  0.817  0.928  0.287  0.000  0.0  0.570  Y   -1  0.249  (296,3,591,224)
   5  0.771  0.753  0.881  0.817  0.932  0.356  0.000  0.0  0.581  Y   -1  0.249  (284,22,579,243)
   6  0.769  0.730  0.908  0.755  0.957  0.282  0.000  0.0  0.610  Y   -1  0.249  (147,0,442,221)
   7  0.761  0.775  0.904  0.725  0.971  0.364  0.000  0.0  0.618  Y   -1  0.249  (147,22,442,243)
   8  0.759  0.911  0.858  0.628  0.993  0.433  0.000  0.0  0.634  Y   -1  0.358  (171,0,525,265)
   9  0.754  0.554  1.000  0.754  0.952  0.141  0.000  0.0  0.552  Y   -1  0.160  (256,3,492,180)
  10  0.749  0.551  0.982  0.749  0.962  0.147  0.000  0.0  0.565  Y   -1  0.160  (208,4,444,181)
  11  0.744  0.633  0.912  0.779  0.950  0.277  0.000  0.0  0.580  Y   -1  0.249  (258,0,553,221)
  12  0.739  0.675  0.885  0.728  0.967  0.287  0.000  0.0  0.603  Y   -1  0.249  (121,1,416,222)
  13  0.738  0.662  0.837  0.783  0.949  0.287  0.000  0.0  0.585  Y   -1  0.249  (55,0,350,221)
  14  0.733  0.694  0.855  0.873  0.879  0.466  0.000  0.0  0.619  Y   -1  0.249  (182,52,477,273)
  15  0.723  0.705  0.761  0.859  0.905  0.440  0.000  0.0  0.616  Y   -1  0.358  (0,0,354,265)
  16  0.723  0.734  0.812  0.757  0.958  0.438  0.000  0.0  0.633  Y   -1  0.358  (64,0,418,265)
  17  0.723  0.647  1.000  0.563  1.000  0.216  0.000  0.0  0.563  Y   -1  0.160  (244,24,480,201)
  18  0.715  0.608  0.790  0.819  0.921  0.296  0.000  0.0  0.574  Y   -1  0.249  (14,2,309,223)
  19  0.714  0.590  1.000  0.592  0.998  0.210  0.000  0.0  0.571  Y   -1  0.160  (212,22,448,199)
  20  0.711  0.613  0.866  0.831  0.923  0.431  0.000  0.0  0.622  Y   -1  0.249  (158,41,453,262)
  21  0.711  0.643  0.809  0.925  0.838  0.490  0.000  0.0  0.603  Y   -1  0.249  (255,61,550,282)
  22  0.709  0.627  0.849  0.869  0.879  0.471  0.000  0.0  0.610  Y   -1  0.249  (220,54,515,275)
  23  0.706  0.587  0.846  0.869  0.896  0.425  0.000  0.0  0.594  Y   -1  0.249  (262,41,557,262)
  24  0.705  0.604  0.840  0.832  0.923  0.421  0.000  0.0  0.616  Y   -1  0.249  (118,38,413,259)
  25  0.702  0.627  0.787  0.921  0.846  0.489  0.000  0.0  0.623  Y   -1  0.249  (118,59,413,280)
  26  0.701  0.582  0.765  0.889  0.882  0.372  0.000  0.0  0.580  Y   -1  0.249  (6,23,301,244)
  27  0.700  0.593  0.850  0.733  0.964  0.322  0.000  0.0  0.593  Y   -1  0.249  (72,10,367,231)
  28  0.699  0.593  0.802  0.869  0.897  0.429  0.000  0.0  0.605  Y   -1  0.249  (76,40,371,261)
  29  0.696  0.411  0.934  0.762  0.958  0.148  0.000  0.0  0.573  Y   -1  0.160  (177,4,413,181)
  30  0.693  0.398  0.898  0.791  0.942  0.137  0.000  0.0  0.562  Y   -1  0.160  (141,0,377,177)
  31  0.686  0.619  0.745  0.967  0.772  0.514  0.000  0.0  0.597  Y   -1  0.249  (292,71,587,292)
  32  0.684  0.452  0.885  0.845  0.914  0.325  0.000  0.0  0.553  Y   -1  0.160  (322,56,558,233)
  33  0.679  0.494  0.998  0.600  0.997  0.241  0.000  0.0  0.551  Y   -1  0.122  (267,52,473,207)
  34  0.678  0.482  0.974  0.693  0.981  0.334  0.000  0.0  0.584  Y   -1  0.160  (209,57,445,234)
  35  0.675  0.497  0.960  0.661  0.988  0.319  0.000  0.0  0.570  Y   -1  0.160  (256,53,492,230)
  36  0.674  0.508  0.993  0.590  0.998  0.273  0.000  0.0  0.564  Y   -1  0.122  (234,61,440,216)
  37  0.667  0.411  0.897  0.724  0.968  0.220  0.000  0.0  0.561  Y   -1  0.160  (107,23,343,200)
  38  0.664  0.423  1.000  0.588  0.998  0.182  0.000  0.0  0.557  Y   -1  0.122  (222,35,428,190)
  39  0.663  0.456  0.954  0.675  0.984  0.322  0.000  0.0  0.590  Y   -1  0.160  (180,53,416,230)
  40  0.663  0.501  0.758  0.910  0.853  0.434  0.000  0.0  0.593  Y   -1  0.249  (31,41,326,262)
  41  0.659  0.384  0.961  0.667  0.987  0.212  0.000  0.0  0.580  Y   -1  0.160  (177,22,413,199)
  42  0.658  0.576  0.679  0.983  0.744  0.519  0.000  0.0  0.605  Y   -1  0.249  (39,69,334,290)
  43  0.655  0.447  0.833  0.775  0.953  0.347  0.000  0.0  0.574  Y   -1  0.160  (105,60,341,237)
  44  0.654  0.369  0.873  0.749  0.961  0.222  0.000  0.0  0.551  Y   -1  0.160  (71,23,307,200)
  45  0.653  0.382  0.921  0.777  0.951  0.344  0.000  0.0  0.564  Y   -1  0.160  (289,61,525,238)
  46  0.652  0.341  0.878  0.726  0.971  0.160  0.000  0.0  0.555  Y   -1  0.160  (107,6,343,183)
  47  0.651  0.348  0.929  0.713  0.972  0.218  0.000  0.0  0.571  Y   -1  0.160  (142,23,378,200)
  48  0.650  0.399  0.979  0.625  0.994  0.244  0.000  0.0  0.569  Y   -1  0.122  (183,52,389,207)
  49  0.650  0.539  0.704  0.965  0.774  0.524  0.000  0.0  0.620  Y   -1  0.249  (90,71,385,292)
  50  0.649  0.325  0.990  0.697  0.978  0.233  0.000  0.0  0.552  Y   -1  0.160  (290,29,526,206)
  51  0.648  0.172  0.987  0.812  0.912  0.078  0.000  0.0  0.545  Y   -1  0.122  (223,2,429,157)
  52  0.647  0.433  0.825  0.864  0.862  0.409  0.000  0.0  0.590  Y   -1  0.160  (220,82,456,259)
  53  0.644  0.428  0.782  0.841  0.911  0.384  0.000  0.0  0.580  Y   -1  0.160  (112,72,348,249)
  54  0.642  0.406  0.895  0.713  0.975  0.333  0.000  0.0  0.582  Y   -1  0.160  (140,56,376,233)
  55  0.640  0.352  0.892  0.744  0.964  0.283  0.000  0.0  0.568  Y   -1  0.160  (107,41,343,218)
  56  0.638  0.311  0.974  0.620  0.995  0.139  0.000  0.0  0.559  Y   -1  0.122  (186,22,392,177)
  57  0.638  0.362  0.876  0.821  0.925  0.379  0.000  0.0  0.595  Y   -1  0.160  (187,71,423,248)
  58  0.634  0.357  0.849  0.810  0.925  0.345  0.000  0.0  0.557  Y   -1  0.122  (277,85,483,240)
  59  0.633  0.508  0.669  0.989  0.727  0.513  0.000  0.0  0.597  Y   -1  0.249  (12,67,307,288)
  60  0.633  0.354  0.877  0.830  0.901  0.389  0.000  0.0  0.577  Y   -1  0.160  (258,75,494,252)
  61  0.631  0.353  0.780  0.952  0.810  0.394  0.000  0.0  0.559  Y   -1  0.160  (329,79,565,256)
  62  0.630  0.355  0.827  0.792  0.945  0.332  0.000  0.0  0.565  Y   -1  0.160  (78,55,314,232)
  63  0.629  0.338  0.785  0.954  0.803  0.381  0.000  0.0  0.553  Y   -1  0.160  (347,75,583,252)
  64  0.626  0.323  0.974  0.652  0.989  0.273  0.000  0.0  0.586  Y   -1  0.160  (177,39,413,216)
  65  0.626  0.607  0.689  0.889  0.692  0.555  0.000  0.0  0.635  Y   -1  0.249  (159,84,454,305)
  66  0.626  0.307  0.848  0.765  0.956  0.261  0.000  0.0  0.554  Y   -1  0.160  (64,34,300,211)
  67  0.622  0.219  0.944  0.709  0.972  0.152  0.000  0.0  0.551  Y   -1  0.122  (151,25,357,180)
  68  0.621  0.307  0.848  0.871  0.889  0.390  0.000  0.0  0.571  Y   -1  0.160  (281,76,517,253)
  69  0.619  0.230  0.920  0.718  0.974  0.178  0.000  0.0  0.546  Y   -1  0.122  (124,32,330,187)
  70  0.619  0.103  0.959  0.802  0.935  0.090  0.000  0.0  0.554  Y   -1  0.122  (190,6,396,161)
  71  0.617  0.277  0.938  0.707  0.973  0.276  0.000  0.0  0.564  Y   -1  0.122  (153,61,359,216)
  72  0.617  0.303  0.859  0.814  0.916  0.353  0.000  0.0  0.565  Y   -1  0.122  (231,88,437,243)
  73  0.616  0.323  0.834  0.772  0.950  0.334  0.000  0.0  0.572  Y   -1  0.122  (158,80,364,235)
  74  0.607  0.252  0.815  0.793  0.942  0.259  0.000  0.0  0.547  Y   -1  0.160  (41,33,277,210)
  75  0.601  0.488  0.688  0.927  0.702  0.553  0.000  0.0  0.595  Y   -1  0.249  (286,86,581,307)
  76  0.600  0.250  0.775  0.871  0.896  0.333  0.000  0.0  0.553  Y   -1  0.160  (35,55,271,232)
  77  0.591  0.271  0.745  0.916  0.854  0.416  0.000  0.0  0.591  Y   -1  0.160  (142,84,378,261)
  78  0.588  0.185  0.870  0.774  0.950  0.281  0.000  0.0  0.552  Y   -1  0.122  (108,62,314,217)
  79  0.586  0.223  0.831  0.811  0.925  0.354  0.000  0.0  0.575  Y   -1  0.122  (191,88,397,243)
  80  0.575  0.211  0.727  0.888  0.880  0.358  0.000  0.0  0.551  Y   -1  0.122  (111,89,317,244)
  81  0.567  0.241  0.645  0.950  0.813  0.395  0.000  0.0  0.552  Y   -1  0.160  (1,77,237,254)
  82  0.567  0.469  0.645  0.891  0.670  0.564  0.000  0.0  0.621  Y   -1  0.249  (122,88,417,309)
  83  0.558  0.219  0.657  0.960  0.796  0.418  0.000  0.0  0.567  Y   -1  0.160  (63,85,299,262)
  84  0.547  0.366  0.617  0.944  0.678  0.557  0.000  0.0  0.614  Y   -1  0.249  (70,85,365,306)
  85  0.542  0.178  0.639  0.959  0.796  0.413  0.000  0.0  0.565  Y   -1  0.160  (41,83,277,260)
  86  0.537  0.026  0.858  0.822  0.929  0.326  0.000  0.0  0.548  Y   -1  0.122  (315,79,521,234)
  87  0.535  0.438  0.611  0.873  0.645  0.593  0.000  0.0  0.565  Y   -1  0.249  (253,104,548,325)
  88  0.499  0.348  0.522  0.971  0.535  0.579  0.000  0.0  0.568  Y   -1  0.249  (5,97,300,318)
  89  0.480  0.304  0.646  0.807  0.644  0.584  0.000  0.0  0.587  Y   -1  0.249  (212,98,507,319)
  90  0.474  0.180  0.559  0.917  0.783  0.624  0.000  0.0  0.561  Y   -1  0.249  (286,123,581,344)
  91  0.463  0.396  0.549  0.793  0.551  0.620  0.000  0.0  0.593  Y   -1  0.249  (166,122,461,343)
  92  0.446  0.354  0.505  0.812  0.548  0.620  0.000  0.0  0.583  Y   -1  0.249  (95,125,390,346)
  93  0.442  0.228  0.577  0.830  0.637  0.613  0.000  0.0  0.575  Y   -1  0.249  (239,116,534,337)
  94  0.442  0.199  0.538  0.910  0.581  0.594  0.000  0.0  0.568  Y   -1  0.249  (56,104,351,325)
  95  0.416  0.168  0.499  0.921  0.539  0.611  0.000  0.0  0.570  Y   -1  0.249  (39,116,334,337)
  96  0.412  0.216  0.556  0.777  0.614  0.626  0.000  0.0  0.577  Y   -1  0.249  (221,126,516,347)
  97  0.399  0.121  0.475  0.955  0.499  0.609  0.000  0.0  0.560  Y   -1  0.249  (0,116,295,337)
  98  0.302  0.000  0.455  0.810  0.454  0.627  0.000  0.0  0.569  Y   -1  0.249  (77,151,372,372)
  99  0.301  0.086  0.415  0.809  0.347  0.625  0.000  0.0  0.547  Y   -1  0.249  (8,158,303,379)
 100  0.290  0.030  0.434  0.793  0.391  0.626  0.000  0.0  0.557  Y   -1  0.249  (40,155,335,376)
