图片: A04
候选框数量: 100
权重: W_AES=0.29 W_CONTENT=0.2 W_THIRDS=0.22 W_CENTER=0.3 W_DEP=-0.25 W_CLIP_PEN=0.6 W_MISSING_PEN=-0.5

排名  final   aes    con    3rd    ctr    dep    pen    msg    rule   L  i    area   box
   1  0.741  0.874  0.875  0.907  0.864  0.809  0.000  0.0  0.953  N    1  0.359  (39,54,448,284)
   2  0.717  1.000  0.884  0.858  0.871  0.862  0.057  0.0  0.955  N    1  0.359  (50,71,459,301)
   3  0.699  0.756  0.847  0.921  0.778  0.735  0.000  0.0  0.949  N    0  0.359  (0,31,409,261)
   4  0.694  0.784  0.883  0.779  0.950  0.797  0.000  0.0  0.958  N    0  0.359  (0,54,409,284)
   5  0.692  0.742  0.876  0.835  0.916  0.781  0.000  0.0  0.956  N    0  0.359  (0,48,409,278)
   6  0.686  0.695  0.967  0.774  0.953  0.774  0.000  0.0  0.948  N    1  0.250  (38,77,379,269)
   7  0.684  0.408  0.898  0.805  0.938  0.222  0.000  0.0  0.533  Y   -1  0.122  (444,79,682,213)
   8  0.681  0.774  0.929  0.953  0.770  0.759  0.057  0.0  0.933  N    1  0.250  (50,58,391,250)
   9  0.674  0.536  0.826  0.826  0.618  0.129  0.000  0.0  0.449  Y   -1  0.159  (410,43,682,196)
  10  0.670  0.802  0.945  0.884  0.877  0.780  0.081  0.0  0.892  N    1  0.250  (63,73,404,265)
  11  0.666  0.611  0.969  0.816  0.914  0.760  0.000  0.0  0.951  N    1  0.250  (22,70,363,262)
  12  0.661  0.328  0.875  0.829  0.921  0.201  0.000  0.0  0.542  Y   -1  0.122  (403,76,641,210)
  13  0.659  0.812  0.892  0.623  0.994  0.842  0.000  0.0  0.965  N    0  0.359  (0,71,409,301)
  14  0.656  0.684  0.892  0.830  0.919  0.892  0.000  0.0  0.961  N    0  0.359  (0,94,409,324)
  15  0.653  0.632  0.939  0.902  0.734  0.742  0.012  0.0  0.945  N    0  0.250  (12,53,353,245)
  16  0.652  0.542  0.885  0.739  0.535  0.103  0.000  0.0  0.371  Y   -1  0.122  (442,53,680,187)
  17  0.642  0.524  0.972  0.817  0.930  0.756  0.000  0.0  0.953  N    0  0.250  (12,73,353,265)
  18  0.636  0.301  0.821  0.854  0.907  0.259  0.000  0.0  0.562  Y   -1  0.159  (365,67,637,220)
  19  0.636  0.813  0.950  0.822  0.908  0.803  0.109  0.0  0.876  N    1  0.250  (74,90,415,282)
  20  0.631  0.560  0.983  0.720  0.973  0.781  0.000  0.0  0.956  N    1  0.250  (33,101,374,293)
  21  0.625  0.539  0.976  0.712  0.970  0.753  0.000  0.0  0.953  N    1  0.250  (0,90,341,282)
  22  0.622  0.445  0.976  0.841  0.917  0.759  0.000  0.0  0.954  N    1  0.250  (6,108,347,300)
  23  0.617  0.664  0.895  0.652  0.989  0.857  0.000  0.0  0.968  N    0  0.359  (0,77,409,307)
  24  0.606  0.454  0.807  0.742  0.529  0.112  0.000  0.0  0.422  Y   -1  0.159  (360,40,632,193)
  25  0.600  0.393  0.832  0.748  0.560  0.102  0.000  0.0  0.429  Y   -1  0.122  (363,56,601,190)
  26  0.597  0.282  0.847  0.714  0.973  0.310  0.000  0.0  0.554  Y   -1  0.159  (410,75,682,228)
  27  0.596  0.502  0.981  0.643  0.992  0.763  0.000  0.0  0.961  N    0  0.250  (12,92,353,284)
  28  0.595  0.402  0.980  0.798  0.927  0.773  0.000  0.0  0.957  N    1  0.250  (22,109,363,301)
  29  0.590  0.415  0.847  0.701  0.516  0.092  0.000  0.0  0.343  Y   -1  0.122  (396,50,634,184)
  30  0.575  0.655  1.000  0.889  0.876  0.789  0.155  0.0  0.833  N    1  0.159  (87,92,359,245)
  31  0.573  0.531  1.000  0.789  0.945  0.728  0.098  0.0  0.867  N    1  0.159  (44,99,316,252)
  32  0.572  0.538  1.000  0.948  0.814  0.693  0.139  0.0  0.830  N    1  0.159  (10,92,282,245)
  33  0.565  0.481  0.982  0.562  1.000  0.771  0.000  0.0  0.960  N    1  0.250  (22,90,363,282)
  34  0.563  0.725  0.790  0.978  0.504  0.704  0.109  0.0  0.862  N    1  0.359  (74,18,483,248)
  35  0.554  0.568  1.000  0.913  0.857  0.721  0.166  0.0  0.801  N    1  0.122  (51,103,289,237)
  36  0.542  0.414  1.000  0.825  0.908  0.654  0.111  0.0  0.853  N    1  0.159  (16,109,288,262)
  37  0.532  0.364  1.000  0.941  0.824  0.607  0.139  0.0  0.826  N    1  0.159  (9,122,281,275)
  38  0.530  0.628  1.000  0.884  0.858  0.801  0.192  0.0  0.787  N    1  0.122  (96,101,334,235)
  39  0.529  0.409  0.704  0.629  0.459  0.084  0.000  0.0  0.213  Y   -1  0.159  (410,23,682,176)
  40  0.527  0.487  1.000  0.892  0.692  0.779  0.106  0.0  0.850  N    1  0.159  (46,77,318,230)
  41  0.524  0.373  0.777  0.622  0.426  0.084  0.000  0.0  0.268  Y   -1  0.159  (367,27,639,180)
  42  0.517  0.110  0.875  0.674  0.985  0.417  0.000  0.0  0.557  Y   -1  0.159  (379,91,651,244)
  43  0.513  0.119  0.897  0.655  0.989  0.455  0.000  0.0  0.546  Y   -1  0.159  (407,97,679,250)
  44  0.503  0.322  1.000  0.793  0.939  0.676  0.113  0.0  0.859  N    1  0.159  (57,124,329,277)
  45  0.496  0.674  0.985  0.994  0.705  0.807  0.255  0.0  0.749  N    1  0.159  (123,86,395,239)
  46  0.494  0.550  0.993  0.841  0.655  0.807  0.138  0.0  0.828  N    1  0.159  (79,75,351,228)
  47  0.486  0.364  0.944  0.828  0.622  0.756  0.057  0.0  0.921  N    1  0.250  (7,139,348,331)
  48  0.483  0.292  1.000  0.982  0.713  0.568  0.169  0.0  0.793  N    1  0.159  (12,137,284,290)
  49  0.482  0.661  0.947  0.973  0.764  0.822  0.261  0.0  0.845  N    1  0.250  (86,115,427,307)
  50  0.481  0.376  1.000  0.612  0.996  0.717  0.099  0.0  0.873  N    1  0.159  (57,109,329,262)
  51  0.465  0.374  1.000  0.885  0.884  0.578  0.228  0.0  0.748  N    1  0.122  (34,128,272,262)
  52  0.464  0.584  0.879  0.997  0.590  0.761  0.216  0.0  0.775  N    1  0.250  (114,58,455,250)
  53  0.459  0.530  0.856  0.674  0.484  0.727  0.054  0.0  0.920  N    1  0.250  (35,32,376,224)
  54  0.457  0.567  0.992  0.935  0.825  0.814  0.267  0.0  0.733  N    1  0.122  (129,104,367,238)
  55  0.454  0.559  1.000  0.687  0.982  0.738  0.231  0.0  0.844  N    1  0.159  (86,114,358,267)
  56  0.454  0.418  0.535  0.550  0.327  0.065  0.000  0.0  0.032  Y   -1  0.159  (357,2,629,155)
  57  0.443  0.415  0.536  0.524  0.311  0.065  0.000  0.0  0.021  Y   -1  0.159  (402,0,674,153)
  58  0.440  0.534  1.000  0.948  0.525  0.714  0.233  0.0  0.721  N    1  0.159  (0,67,272,220)
  59  0.430  0.424  1.000  0.930  0.837  0.737  0.263  0.0  0.639  N    1  0.090  (80,111,284,226)
  60  0.430  0.231  1.000  0.924  0.768  0.649  0.184  0.0  0.793  N    1  0.159  (79,141,351,294)
  61  0.411  0.400  1.000  0.779  0.950  0.662  0.265  0.0  0.648  N    1  0.090  (80,123,284,238)
  62  0.406  0.343  0.902  0.833  0.576  0.788  0.124  0.0  0.840  N    1  0.250  (50,143,391,335)
  63  0.394  0.368  0.998  0.818  0.924  0.745  0.262  0.0  0.740  N    1  0.122  (126,123,364,257)
  64  0.384  0.275  1.000  0.894  0.778  0.562  0.272  0.0  0.712  N    1  0.122  (84,148,322,282)
  65  0.383  0.397  1.000  0.882  0.850  0.803  0.282  0.0  0.629  N    1  0.090  (111,111,315,226)
  66  0.375  0.463  0.876  0.982  0.521  0.835  0.239  0.0  0.752  N    1  0.250  (106,136,447,328)
  67  0.374  0.425  1.000  0.563  1.000  0.711  0.242  0.0  0.801  N    1  0.122  (86,119,324,253)
  68  0.369  0.641  0.818  0.913  0.462  0.764  0.283  0.0  0.728  N    1  0.359  (136,41,545,271)
  69  0.361  0.272  1.000  0.788  0.946  0.559  0.301  0.0  0.614  N    1  0.090  (91,140,295,255)
  70  0.361  0.467  1.000  0.762  0.950  0.612  0.362  0.0  0.574  N    1  0.090  (60,128,264,243)
  71  0.359  0.433  0.989  0.824  0.927  0.781  0.326  0.0  0.606  N    1  0.090  (140,123,344,238)
  72  0.356  0.511  0.815  0.918  0.391  0.727  0.238  0.0  0.747  N    1  0.250  (118,37,459,229)
  73  0.356  0.473  1.000  0.953  0.783  0.765  0.368  0.0  0.731  N    1  0.159  (134,118,406,271)
  74  0.354  0.439  0.988  0.750  0.540  0.755  0.221  0.0  0.740  N    1  0.159  (42,63,314,216)
  75  0.340  0.322  1.000  0.678  0.984  0.676  0.290  0.0  0.645  N    1  0.090  (93,126,297,241)
  76  0.336  0.424  1.000  0.963  0.789  0.708  0.391  0.0  0.516  N    1  0.090  (49,111,253,226)
  77  0.336  0.426  1.000  0.837  0.920  0.730  0.371  0.0  0.655  N    1  0.090  (91,117,295,232)
  78  0.334  0.411  1.000  0.667  0.987  0.720  0.321  0.0  0.625  N    1  0.090  (121,128,325,243)
  79  0.323  0.216  0.969  0.980  0.753  0.639  0.327  0.0  0.673  N    1  0.122  (126,145,364,279)
  80  0.322  0.143  1.000  0.908  0.854  0.479  0.340  0.0  0.574  N    1  0.090  (83,148,287,263)
  81  0.309  0.563  0.757  0.866  0.346  0.687  0.283  0.0  0.719  N    1  0.359  (136,18,545,248)
  82  0.305  0.325  0.945  0.997  0.587  0.700  0.341  0.0  0.662  N    1  0.159  (132,144,404,297)
  83  0.302  0.230  0.973  0.899  0.869  0.580  0.371  0.0  0.555  N    1  0.090  (124,148,328,263)
  84  0.277  0.283  1.000  0.929  0.722  0.764  0.366  0.0  0.541  N    1  0.090  (80,100,284,215)
  85  0.274  0.491  0.891  0.844  0.543  0.778  0.351  0.0  0.669  N    1  0.250  (151,74,492,266)
  86  0.271  0.422  0.955  0.942  0.627  0.787  0.397  0.0  0.626  N    1  0.159  (158,93,430,246)
  87  0.270  0.421  0.994  0.783  0.600  0.800  0.338  0.0  0.644  N    1  0.122  (91,80,329,214)
  88  0.263  0.122  1.000  0.872  0.599  0.449  0.339  0.0  0.636  N    1  0.122  (36,156,274,290)
  89  0.260  0.501  0.729  0.888  0.323  0.997  0.245  0.0  0.731  N    1  0.359  (74,154,483,384)
  90  0.258  0.497  0.913  0.865  0.524  0.841  0.368  0.0  0.658  N    1  0.250  (154,108,495,300)
  91  0.246  0.396  0.868  0.942  0.437  0.857  0.334  0.0  0.676  N    1  0.250  (141,131,482,323)
  92  0.243  0.251  0.847  0.690  0.446  0.775  0.198  0.0  0.764  N    1  0.250  (38,158,379,350)
  93  0.232  0.405  1.000  0.811  0.531  0.726  0.393  0.0  0.581  N    1  0.122  (46,73,284,207)
  94  0.231  0.371  0.799  0.586  0.394  0.654  0.227  0.0  0.666  N    1  0.250  (8,18,349,210)
  95  0.226  0.509  0.930  0.703  0.458  0.690  0.376  0.0  0.593  N    1  0.159  (31,52,303,205)
  96  0.199  0.161  0.869  0.670  0.403  0.749  0.212  0.0  0.741  N    1  0.250  (0,162,341,354)
  97  0.142  0.073  0.943  0.839  0.412  0.530  0.384  0.0  0.584  N    1  0.159  (0,164,272,317)
  98  0.129  0.276  0.748  0.851  0.347  0.810  0.359  0.0  0.625  N    1  0.250  (82,166,423,358)
  99  0.105  0.000  0.942  0.652  0.452  0.543  0.335  0.0  0.637  N    1  0.159  (41,167,313,320)
 100  0.095  0.409  0.745  0.727  0.264  1.000  0.347  0.0  0.659  N    1  0.359  (136,142,545,372)
