图片: A05
候选框数量: 100
权重: W_AES=0.29 W_CONTENT=0.2 W_THIRDS=0.22 W_CENTER=0.3 W_DEP=-0.25 W_CLIP_PEN=0.6 W_MISSING_PEN=-0.5

排名  final   aes    con    3rd    ctr    dep    pen    msg    rule   L  i    area   box
   1  0.567  0.886  0.870  0.626  0.994  0.688  0.000  0.0  0.970  N    0  0.250  (103,148,416,357)
   2  0.559  0.874  0.872  0.773  0.947  0.688  0.000  0.0  0.967  N    0  0.250  (83,141,396,350)
   3  0.558  0.846  0.870  0.744  0.962  0.683  0.000  0.0  0.979  N    0  0.250  (130,141,443,350)
   4  0.553  0.852  0.867  0.553  1.000  0.687  0.000  0.0  0.973  N    0  0.250  (109,144,422,353)
   5  0.544  0.961  0.888  0.882  0.838  0.686  0.000  0.0  0.961  N    0  0.250  (62,144,375,353)
   6  0.544  0.977  0.855  0.726  0.965  0.683  0.067  0.0  0.801  N    1  0.250  (109,123,422,332)
   7  0.537  0.939  0.877  0.731  0.962  0.693  0.062  0.0  0.799  N    1  0.250  (109,164,422,373)
   8  0.535  0.910  0.882  0.882  0.838  0.678  0.000  0.0  0.984  N    0  0.250  (155,144,468,353)
   9  0.535  0.754  0.876  0.791  0.945  0.683  0.000  0.0  0.977  N    0  0.250  (133,150,446,359)
  10  0.529  0.911  0.856  0.759  0.959  0.684  0.067  0.0  0.799  N    1  0.250  (100,123,413,332)
  11  0.528  0.887  0.883  0.886  0.832  0.678  0.000  0.0  0.985  N    0  0.250  (156,144,469,353)
  12  0.525  0.929  0.855  0.794  0.943  0.682  0.078  0.0  0.778  N    1  0.250  (123,121,436,330)
  13  0.525  0.902  0.893  0.925  0.812  0.685  0.000  0.0  0.958  N    0  0.250  (59,150,372,359)
  14  0.522  0.964  0.838  0.799  0.923  0.773  0.000  0.0  0.983  N    0  0.358  (78,98,453,348)
  15  0.519  0.868  0.883  0.837  0.917  0.693  0.052  0.0  0.821  N    1  0.250  (83,162,396,371)
  16  0.515  0.979  0.848  0.900  0.872  0.773  0.000  0.0  0.977  N    0  0.358  (52,95,427,345)
  17  0.511  0.882  0.857  0.773  0.947  0.781  0.000  0.0  0.982  N    0  0.358  (108,120,483,370)
  18  0.510  0.877  0.844  0.787  0.945  0.777  0.000  0.0  0.978  N    0  0.358  (68,103,443,353)
  19  0.503  0.868  0.857  0.549  1.000  0.790  0.000  0.0  0.973  N    0  0.358  (78,123,453,373)
  20  0.502  0.892  0.862  0.846  0.907  0.686  0.083  0.0  0.754  N    1  0.250  (83,120,396,329)
  21  0.499  0.923  0.869  0.871  0.877  0.784  0.000  0.0  0.983  N    0  0.358  (125,128,500,378)
  22  0.497  0.821  0.863  0.742  0.963  0.790  0.000  0.0  0.967  N    0  0.358  (52,120,427,370)
  23  0.485  0.895  0.866  0.799  0.923  0.826  0.000  0.0  0.963  N    0  0.358  (78,148,453,398)
  24  0.482  0.882  0.848  0.934  0.836  0.767  0.000  0.0  0.993  N    0  0.358  (125,103,500,353)
  25  0.479  0.889  0.867  0.951  0.802  0.676  0.067  0.0  0.813  N    1  0.250  (156,123,469,332)
  26  0.478  0.857  0.887  0.949  0.774  0.682  0.036  0.0  0.868  N    1  0.250  (55,129,368,338)
  27  0.475  0.908  0.885  0.881  0.834  0.795  0.000  0.0  0.958  N    0  0.358  (21,123,396,373)
  28  0.474  0.875  0.870  0.881  0.834  0.775  0.000  0.0  0.983  N    0  0.358  (134,123,509,373)
  29  0.472  0.832  0.872  0.854  0.906  0.822  0.000  0.0  0.958  N    0  0.358  (52,145,427,395)
  30  0.453  0.699  0.901  0.887  0.831  0.584  0.135  0.0  0.623  N    1  0.160  (178,165,428,332)
  31  0.451  0.930  0.906  0.816  0.650  0.677  0.000  0.0  0.955  N    0  0.250  (36,141,349,350)
  32  0.430  0.956  0.897  0.861  0.710  0.792  0.000  0.0  0.954  N    0  0.358  (0,120,375,370)
  33  0.414  1.000  0.877  0.877  0.619  0.668  0.073  0.0  0.782  N    2  0.250  (182,122,495,331)
  34  0.398  0.909  0.830  0.984  0.742  0.758  0.088  0.0  0.763  N    1  0.358  (125,78,500,328)
  35  0.374  0.838  0.902  0.760  0.580  0.662  0.038  0.0  0.857  N    2  0.250  (193,147,506,356)
  36  0.298  0.724  0.882  0.825  0.517  0.754  0.000  0.0  0.979  N    0  0.358  (181,103,556,353)
  37  -0.501  0.238  0.523  0.952  0.766  0.044  1.000  1.0  0.301  Y   -1  0.040  (134,3,259,86)
  38  -0.509  0.332  0.558  0.870  0.700  0.037  1.000  1.0  0.349  Y   -1  0.040  (231,0,356,83)
  39  -0.511  0.302  0.563  0.855  0.713  0.037  1.000  1.0  0.347  Y   -1  0.040  (222,0,347,83)
  40  -0.518  0.229  0.333  0.545  1.000  0.125  1.000  1.0  0.373  Y   -1  0.040  (46,30,171,113)
  41  -0.526  0.348  0.551  0.891  0.653  0.037  1.000  1.0  0.354  Y   -1  0.040  (250,0,375,83)
  42  -0.527  0.195  0.326  0.545  1.000  0.125  1.000  1.0  0.362  Y   -1  0.040  (0,30,125,113)
  43  -0.530  0.308  0.553  0.909  0.660  0.037  1.000  1.0  0.352  Y   -1  0.040  (241,0,366,83)
  44  -0.535  0.399  0.544  0.893  0.611  0.037  1.000  1.0  0.352  Y   -1  0.040  (260,0,385,83)
  45  -0.543  0.356  0.432  0.935  0.814  0.186  1.000  1.0  0.481  Y   -1  0.089  (316,0,503,125)
  46  -0.548  0.372  0.538  0.898  0.597  0.037  1.000  1.0  0.350  Y   -1  0.040  (268,0,393,83)
  47  -0.553  0.193  0.285  0.545  1.000  0.159  1.000  1.0  0.388  Y   -1  0.040  (34,39,159,122)
  48  -0.560  0.254  0.563  0.871  0.626  0.037  1.000  1.0  0.338  Y   -1  0.040  (188,0,313,83)
  49  -0.561  0.209  0.335  0.545  1.000  0.202  1.000  1.0  0.488  Y   -1  0.062  (0,30,156,134)
  50  -0.561  0.234  0.278  0.545  1.000  0.191  1.000  1.0  0.391  Y   -1  0.040  (34,48,159,131)
  51  -0.570  0.432  0.444  0.977  0.762  0.240  1.000  1.0  0.602  Y   -1  0.122  (74,4,293,150)
  52  -0.574  0.168  0.278  0.545  1.000  0.186  1.000  1.0  0.386  Y   -1  0.040  (15,48,140,131)
  53  -0.578  0.212  0.257  0.610  0.996  0.216  1.000  1.0  0.373  Y   -1  0.040  (93,57,218,140)
  54  -0.582  0.154  0.269  0.545  1.000  0.193  1.000  1.0  0.396  Y   -1  0.040  (53,48,178,131)
  55  -0.584  0.343  0.438  0.926  0.786  0.236  1.000  1.0  0.648  Y   -1  0.122  (240,0,459,146)
  56  -0.586  0.288  0.459  0.945  0.758  0.202  1.000  1.0  0.425  Y   -1  0.089  (362,0,549,125)
  57  -0.595  0.280  0.510  0.799  0.622  0.078  1.000  1.0  0.427  Y   -1  0.062  (168,0,324,104)
  58  -0.600  0.351  0.450  0.853  0.716  0.196  1.000  1.0  0.644  Y   -1  0.122  (153,0,372,146)
  59  -0.603  0.309  0.409  0.914  0.771  0.231  1.000  1.0  0.618  Y   -1  0.122  (212,5,431,151)
  60  -0.605  0.381  0.431  0.914  0.715  0.226  1.000  1.0  0.576  Y   -1  0.122  (112,4,331,150)
  61  -0.619  0.358  0.370  0.891  0.773  0.267  1.000  1.0  0.581  Y   -1  0.089  (31,27,218,152)
  62  -0.627  0.386  0.504  0.801  0.503  0.079  1.000  1.0  0.437  Y   -1  0.062  (208,0,364,104)
  63  -0.633  0.413  0.455  0.747  0.576  0.140  1.000  1.0  0.541  Y   -1  0.089  (238,0,425,125)
  64  -0.634  0.436  0.468  0.994  0.603  0.237  1.000  1.0  0.648  Y   -1  0.122  (37,0,256,146)
  65  -0.634  0.379  0.462  0.778  0.573  0.133  1.000  1.0  0.546  Y   -1  0.089  (219,0,406,125)
  66  -0.636  0.366  0.314  0.893  0.685  0.202  1.000  1.0  0.428  Y   -1  0.062  (92,32,248,136)
  67  -0.645  0.231  0.500  0.759  0.554  0.081  1.000  1.0  0.397  Y   -1  0.062  (127,0,283,104)
  68  -0.651  0.351  0.465  0.772  0.547  0.130  1.000  1.0  0.538  Y   -1  0.089  (190,0,377,125)
  69  -0.657  0.364  0.460  0.817  0.522  0.131  1.000  1.0  0.542  Y   -1  0.089  (203,0,390,125)
  70  -0.658  0.317  0.491  0.959  0.448  0.087  1.000  1.0  0.386  Y   -1  0.062  (84,0,240,104)
  71  -0.662  0.375  0.442  0.745  0.558  0.158  1.000  1.0  0.522  Y   -1  0.089  (282,0,469,125)
  72  -0.663  0.320  0.496  0.793  0.425  0.043  1.000  1.0  0.336  Y   -1  0.040  (322,0,447,83)
  73  -0.672  0.404  0.460  0.629  0.470  0.092  1.000  1.0  0.425  Y   -1  0.062  (306,0,462,104)
  74  -0.683  0.329  0.472  0.795  0.439  0.090  1.000  1.0  0.430  Y   -1  0.062  (251,2,407,106)
  75  -0.688  0.219  0.226  0.930  0.683  0.207  1.000  1.0  0.324  Y   -1  0.040  (132,61,257,144)
  76  -0.690  0.271  0.470  0.722  0.516  0.131  1.000  1.0  0.530  Y   -1  0.089  (159,0,346,125)
  77  -0.696  0.403  0.469  0.894  0.415  0.149  1.000  1.0  0.505  Y   -1  0.089  (82,0,269,125)
  78  -0.704  0.340  0.482  0.986  0.686  0.413  1.000  1.0  0.512  Y   -1  0.122  (364,0,583,146)
  79  -0.721  0.334  0.434  0.746  0.460  0.163  1.000  1.0  0.463  Y   -1  0.089  (120,6,307,131)
  80  -0.730  0.447  0.435  0.938  0.426  0.244  1.000  1.0  0.696  Y   -1  0.122  (0,1,219,147)
  81  -0.739  0.304  0.369  0.922  0.536  0.267  1.000  1.0  0.611  Y   -1  0.089  (3,27,190,152)
  82  -0.744  0.372  0.447  0.608  0.340  0.090  1.000  1.0  0.378  Y   -1  0.062  (345,0,501,104)
  83  -0.750  0.334  0.487  0.956  0.651  0.465  1.000  1.0  0.494  Y   -1  0.122  (407,6,626,152)
  84  -0.753  0.290  0.310  0.713  0.502  0.189  1.000  1.0  0.378  Y   -1  0.062  (131,33,287,137)
  85  -0.760  0.395  0.490  0.932  0.672  0.529  1.000  1.0  0.517  Y   -1  0.160  (373,6,623,173)
  86  -0.767  0.223  0.418  0.793  0.348  0.104  1.000  1.0  0.447  Y   -1  0.062  (35,4,191,108)
  87  -0.776  0.267  0.316  0.892  0.351  0.124  1.000  1.0  0.357  Y   -1  0.040  (96,33,221,116)
  88  -0.788  0.000  0.265  0.993  0.584  0.243  1.000  1.0  0.307  Y   -1  0.040  (0,88,125,171)
  89  -0.788  0.298  0.395  0.612  0.446  0.222  1.000  1.0  0.606  Y   -1  0.089  (3,14,190,139)
  90  -0.805  0.243  0.309  0.913  0.422  0.240  1.000  1.0  0.316  Y   -1  0.040  (51,89,176,172)
  91  -0.828  0.358  0.343  0.839  0.289  0.211  1.000  1.0  0.487  Y   -1  0.062  (46,31,202,135)
  92  -0.828  0.372  0.437  0.670  0.226  0.161  1.000  1.0  0.570  Y   -1  0.089  (32,0,219,125)
  93  -0.832  0.373  0.359  0.889  0.382  0.333  1.000  1.0  0.551  Y   -1  0.089  (0,77,187,202)
  94  -0.833  0.309  0.410  0.765  0.252  0.176  1.000  1.0  0.601  Y   -1  0.089  (0,3,187,128)
  95  -0.885  0.215  0.307  0.839  0.341  0.293  1.000  1.0  0.430  Y   -1  0.062  (7,80,163,184)
  96  -0.930  0.209  0.280  0.666  0.220  0.221  1.000  1.0  0.399  Y   -1  0.040  (51,56,176,139)
  97  -0.943  0.323  0.403  0.250  0.047  0.095  1.000  1.0  0.424  Y   -1  0.062  (0,1,156,105)
  98  -0.943  0.304  0.304  0.648  0.201  0.279  1.000  1.0  0.498  Y   -1  0.062  (0,58,156,162)
  99  -0.963  0.183  0.284  0.511  0.195  0.219  1.000  1.0  0.394  Y   -1  0.040  (34,56,159,139)
 100  -1.027  0.115  0.270  0.459  0.104  0.213  1.000  1.0  0.387  Y   -1  0.040  (0,59,125,142)
