图片: A06
候选框数量: 100
权重: W_AES=0.29 W_CONTENT=0.2 W_THIRDS=0.22 W_CENTER=0.3 W_DEP=-0.25 W_CLIP_PEN=0.6 W_MISSING_PEN=-0.5

排名  final   aes    con    3rd    ctr    dep    pen    msg    rule   L  i    area   box
   1  0.878  1.000  0.941  0.869  0.898  0.324  0.000  0.0  0.672  Y   -1  0.358  (125,0,500,250)
   2  0.877  0.884  1.000  0.878  0.885  0.186  0.000  0.0  0.656  Y   -1  0.250  (186,0,499,209)
   3  0.869  0.853  0.975  0.948  0.812  0.188  0.000  0.0  0.603  Y   -1  0.250  (120,0,433,209)
   4  0.865  0.852  1.000  0.886  0.872  0.194  0.000  0.0  0.637  Y   -1  0.250  (156,3,469,212)
   5  0.863  0.881  1.000  0.875  0.889  0.258  0.000  0.0  0.627  Y   -1  0.250  (156,24,469,233)
   6  0.853  0.918  1.000  0.762  0.958  0.268  0.000  0.0  0.657  Y   -1  0.250  (202,24,515,233)
   7  0.850  0.912  1.000  0.862  0.867  0.341  0.000  0.0  0.635  Y   -1  0.250  (156,45,469,254)
   8  0.849  0.950  1.000  0.795  0.940  0.381  0.000  0.0  0.656  Y   -1  0.250  (183,52,496,261)
   9  0.842  0.910  1.000  0.750  0.962  0.299  0.000  0.0  0.653  Y   -1  0.250  (191,32,504,241)
  10  0.842  0.793  1.000  0.875  0.852  0.178  0.000  0.0  0.676  Y   -1  0.250  (226,0,539,209)
  11  0.841  0.777  1.000  0.875  0.882  0.182  0.000  0.0  0.598  Y   -1  0.160  (187,45,437,212)
  12  0.840  0.893  0.997  0.801  0.940  0.338  0.000  0.0  0.703  Y   -1  0.358  (185,0,560,250)
  13  0.840  0.867  0.978  0.906  0.791  0.287  0.000  0.0  0.598  Y   -1  0.250  (128,34,441,243)
  14  0.835  0.883  1.000  0.816  0.931  0.363  0.000  0.0  0.719  Y   -1  0.358  (216,0,591,250)
  15  0.831  0.726  1.000  0.854  0.888  0.123  0.000  0.0  0.614  Y   -1  0.160  (226,20,476,187)
  16  0.828  0.933  0.928  0.867  0.884  0.448  0.000  0.0  0.665  Y   -1  0.358  (125,29,500,279)
  17  0.827  0.919  0.985  0.776  0.952  0.413  0.000  0.0  0.737  Y   -1  0.358  (251,3,626,253)
  18  0.827  0.688  1.000  0.907  0.842  0.114  0.000  0.0  0.634  Y   -1  0.160  (256,22,506,189)
  19  0.825  0.784  0.943  0.919  0.795  0.203  0.000  0.0  0.695  Y   -1  0.250  (273,0,586,209)
  20  0.825  0.896  1.000  0.699  0.976  0.298  0.000  0.0  0.681  Y   -1  0.250  (235,30,548,239)
  21  0.825  0.851  0.913  0.874  0.862  0.289  0.000  0.0  0.711  Y   -1  0.250  (304,8,617,217)
  22  0.820  0.831  0.998  0.761  0.959  0.292  0.000  0.0  0.623  Y   -1  0.160  (227,72,477,239)
  23  0.817  0.683  1.000  0.860  0.895  0.136  0.000  0.0  0.593  Y   -1  0.160  (189,21,439,188)
  24  0.811  0.723  0.982  0.896  0.852  0.237  0.000  0.0  0.604  Y   -1  0.160  (187,62,437,229)
  25  0.810  0.788  0.899  0.905  0.839  0.269  0.000  0.0  0.704  Y   -1  0.250  (313,0,626,209)
  26  0.809  0.745  1.000  0.754  0.961  0.188  0.000  0.0  0.631  Y   -1  0.160  (237,45,487,212)
  27  0.806  0.628  0.959  0.959  0.771  0.085  0.000  0.0  0.607  Y   -1  0.122  (282,32,501,178)
  28  0.806  0.861  0.954  0.902  0.718  0.357  0.000  0.0  0.598  Y   -1  0.250  (122,52,435,261)
  29  0.804  0.855  0.932  0.781  0.940  0.364  0.000  0.0  0.718  Y   -1  0.250  (304,26,617,235)
  30  0.803  0.679  0.954  0.842  0.917  0.150  0.000  0.0  0.644  Y   -1  0.122  (294,56,513,202)
  31  0.801  0.717  0.877  0.942  0.792  0.177  0.000  0.0  0.639  Y   -1  0.160  (373,19,623,186)
  32  0.800  0.665  0.920  0.935  0.777  0.111  0.000  0.0  0.662  Y   -1  0.160  (299,26,549,193)
  33  0.800  0.682  1.000  0.754  0.961  0.126  0.000  0.0  0.607  Y   -1  0.122  (241,49,460,195)
  34  0.799  0.787  1.000  0.684  0.981  0.226  0.000  0.0  0.645  Y   -1  0.160  (253,54,503,221)
  35  0.799  0.667  0.915  0.882  0.884  0.140  0.000  0.0  0.639  Y   -1  0.122  (318,54,537,200)
  36  0.796  0.845  0.900  0.896  0.731  0.324  0.000  0.0  0.629  Y   -1  0.358  (68,4,443,254)
  37  0.795  0.766  0.921  0.773  0.953  0.240  0.000  0.0  0.670  Y   -1  0.160  (308,55,558,222)
  38  0.794  0.855  1.000  0.723  0.969  0.428  0.000  0.0  0.677  Y   -1  0.250  (211,60,524,269)
  39  0.791  0.595  1.000  0.887  0.862  0.133  0.000  0.0  0.614  Y   -1  0.160  (199,0,449,167)
  40  0.786  0.676  0.886  0.904  0.842  0.189  0.000  0.0  0.656  Y   -1  0.160  (335,36,585,203)
  41  0.785  0.689  0.887  0.899  0.840  0.208  0.000  0.0  0.645  Y   -1  0.160  (365,28,615,195)
  42  0.785  0.721  0.885  0.849  0.897  0.242  0.000  0.0  0.657  Y   -1  0.160  (344,43,594,210)
  43  0.777  0.723  0.981  0.688  0.982  0.219  0.000  0.0  0.606  Y   -1  0.122  (251,75,470,221)
  44  0.776  0.918  0.963  0.593  0.998  0.415  0.000  0.0  0.713  Y   -1  0.250  (272,49,585,258)
  45  0.776  0.713  0.877  0.797  0.928  0.210  0.000  0.0  0.625  Y   -1  0.122  (374,56,593,202)
  46  0.774  0.746  0.908  0.791  0.940  0.324  0.000  0.0  0.649  Y   -1  0.160  (376,46,626,213)
  47  0.750  0.643  0.861  0.867  0.708  0.103  0.000  0.0  0.649  Y   -1  0.160  (335,19,585,186)
  48  0.747  0.784  0.898  0.641  0.992  0.335  0.000  0.0  0.652  Y   -1  0.160  (310,75,560,242)
  49  0.743  0.737  0.973  0.615  0.995  0.317  0.000  0.0  0.644  Y   -1  0.160  (270,74,520,241)
  50  0.739  0.587  0.883  0.854  0.907  0.269  0.000  0.0  0.615  Y   -1  0.122  (407,52,626,198)
  51  0.733  0.683  0.956  0.611  0.996  0.251  0.000  0.0  0.611  Y   -1  0.122  (280,80,499,226)
  52  0.729  0.678  0.885  0.676  0.985  0.281  0.000  0.0  0.599  Y   -1  0.122  (324,85,543,231)
  53  0.729  0.855  0.931  0.556  1.000  0.471  0.000  0.0  0.727  Y   -1  0.250  (308,53,621,262)
  54  0.704  0.754  0.888  0.581  0.999  0.419  0.000  0.0  0.635  Y   -1  0.160  (366,76,616,243)
  55  0.700  0.705  0.859  0.637  0.993  0.410  0.000  0.0  0.624  Y   -1  0.160  (345,82,595,249)
  56  0.628  0.690  0.961  0.712  0.975  1.000  0.000  0.0  0.852  N    0  0.358  (103,141,478,391)
  57  0.626  0.265  0.928  0.980  0.750  0.410  0.000  0.0  0.623  N    0  0.089  (203,293,390,418)
  58  0.625  0.460  0.862  0.875  0.849  0.626  0.000  0.0  0.629  N    0  0.122  (76,269,295,415)
  59  0.623  0.256  0.960  0.940  0.822  0.459  0.000  0.0  0.744  N    0  0.089  (189,284,376,409)
  60  0.611  0.310  0.958  0.956  0.788  0.611  0.000  0.0  0.771  N    0  0.122  (199,272,418,418)
  61  0.609  0.251  0.914  0.839  0.893  0.381  0.000  0.0  0.827  N    0  0.089  (151,290,338,415)
  62  0.593  0.485  0.936  0.859  0.901  0.957  0.000  0.0  0.864  N    0  0.250  (87,186,400,395)
  63  0.593  0.509  0.985  0.772  0.954  0.970  0.000  0.0  0.830  N    0  0.250  (164,180,477,389)
  64  0.589  0.356  0.968  0.851  0.883  0.752  0.000  0.0  0.942  N    0  0.160  (167,251,417,418)
  65  0.587  0.272  0.948  0.838  0.918  0.605  0.000  0.0  0.936  N    0  0.122  (165,272,384,418)
  66  0.587  0.202  0.942  0.812  0.926  0.439  0.000  0.0  0.853  N    0  0.089  (161,284,348,409)
  67  0.584  0.549  0.787  0.941  0.813  1.000  0.000  0.0  0.939  N    0  0.358  (11,168,386,418)
  68  0.583  0.457  0.858  0.926  0.845  0.927  0.000  0.0  0.933  N    0  0.250  (51,209,364,418)
  69  0.582  0.325  0.988  0.927  0.838  0.836  0.000  0.0  0.662  N    0  0.160  (195,219,445,386)
  70  0.581  0.502  0.977  0.733  0.969  0.963  0.000  0.0  0.878  N    0  0.250  (140,186,453,395)
  71  0.580  0.385  0.950  0.922  0.814  0.876  0.000  0.0  0.673  N    0  0.160  (128,207,378,374)
  72  0.578  0.384  0.876  0.813  0.926  0.743  0.000  0.0  0.919  N    0  0.160  (92,251,342,418)
  73  0.574  0.450  0.914  0.826  0.919  0.939  0.000  0.0  0.942  N    0  0.250  (77,203,390,412)
  74  0.574  0.190  0.917  0.804  0.938  0.462  0.000  0.0  0.717  N    0  0.089  (133,284,320,409)
  75  0.567  0.571  0.973  0.618  0.995  1.000  0.000  0.0  0.960  N    0  0.358  (159,166,534,416)
  76  0.567  0.244  0.901  0.872  0.895  0.642  0.000  0.0  0.494  N    0  0.089  (117,264,304,389)
  77  0.567  0.525  0.882  0.751  0.961  1.000  0.000  0.0  0.953  N    0  0.358  (67,168,442,418)
  78  0.564  0.223  0.997  0.924  0.809  0.729  0.000  0.0  0.715  N    0  0.122  (196,249,415,395)
  79  0.563  0.410  0.963  0.777  0.951  0.938  0.000  0.0  0.957  N    0  0.250  (145,209,458,418)
  80  0.562  0.284  0.986  0.878  0.887  0.842  0.000  0.0  0.833  N    0  0.160  (165,224,415,391)
  81  0.561  0.511  0.797  0.997  0.609  0.953  0.000  0.0  0.760  N    0  0.250  (32,176,345,385)
  82  0.560  0.282  0.969  0.802  0.940  0.759  0.000  0.0  0.826  N    0  0.122  (155,245,374,391)
  83  0.558  0.450  0.938  0.715  0.975  0.933  0.000  0.0  0.945  N    0  0.250  (98,209,411,418)
  84  0.556  0.351  0.842  0.998  0.681  0.818  0.000  0.0  0.661  N    0  0.160  (65,225,315,392)
  85  0.555  0.333  0.926  0.964  0.733  0.880  0.000  0.0  0.620  N    0  0.160  (114,202,364,369)
  86  0.555  0.609  0.946  0.550  1.000  1.000  0.000  0.0  0.967  N    0  0.358  (123,168,498,418)
  87  0.555  0.035  0.873  0.904  0.742  0.198  0.000  0.0  0.458  N    0  0.062  (174,314,330,418)
  88  0.554  0.283  0.968  0.796  0.941  0.783  0.000  0.0  0.945  N    0  0.160  (152,243,402,410)
  89  0.553  0.282  0.912  0.926  0.844  0.838  0.000  0.0  0.821  N    0  0.160  (106,224,356,391)
  90  0.551  0.260  0.916  0.853  0.909  0.760  0.000  0.0  0.805  N    0  0.122  (127,244,346,390)
  91  0.551  0.159  0.993  0.850  0.890  0.642  0.000  0.0  0.585  N    0  0.089  (197,264,384,389)
  92  0.551  0.458  0.974  0.674  0.984  0.971  0.000  0.0  0.690  N    0  0.250  (134,165,447,374)
  93  0.545  0.298  0.965  0.761  0.958  0.815  0.000  0.0  0.925  N    0  0.160  (141,233,391,400)
  94  0.543  0.507  0.712  0.969  0.617  0.913  0.000  0.0  0.750  N    0  0.250  (0,207,313,416)
  95  0.540  0.347  0.941  0.658  0.988  0.770  0.000  0.0  0.939  N    0  0.160  (130,246,380,413)
  96  0.540  0.221  0.986  0.907  0.865  0.877  0.000  0.0  0.679  N    0  0.160  (165,207,415,374)
  97  0.536  0.245  0.901  0.706  0.977  0.633  0.000  0.0  0.919  N    0  0.122  (122,267,341,413)
  98  0.513  0.207  0.952  0.596  0.998  0.586  0.000  0.0  0.779  N    0  0.089  (161,271,348,396)
  99  0.512  0.473  0.725  0.977  0.509  0.939  0.000  0.0  0.693  N    0  0.250  (10,181,323,390)
 100  0.490  0.000  0.983  0.649  0.991  0.457  0.000  0.0  0.511  N    0  0.062  (177,281,333,385)
