图片: A07
候选框数量: 100
权重: W_AES=0.29 W_CONTENT=0.2 W_THIRDS=0.22 W_CENTER=0.3 W_DEP=-0.25 W_CLIP_PEN=0.6 W_MISSING_PEN=-0.5

排名  final   aes    con    3rd    ctr    dep    pen    msg    rule   L  i    area   box
   1  0.878  0.958  0.888  0.897  0.865  0.202  0.000  0.0  0.584  Y   -1  0.250  (44,1,300,257)
   2  0.869  0.927  0.828  0.955  0.802  0.160  0.000  0.0  0.948  N    0  0.159  (207,41,411,245)
   3  0.860  0.963  0.860  0.847  0.905  0.238  0.000  0.0  0.573  Y   -1  0.250  (0,9,256,265)
   4  0.851  0.883  0.913  0.814  0.915  0.157  0.000  0.0  0.557  Y   -1  0.159  (69,38,273,242)
   5  0.817  0.988  0.853  0.951  0.431  0.192  0.000  0.0  0.960  N    0  0.250  (127,0,383,256)
   6  0.817  1.000  0.842  0.665  0.986  0.311  0.000  0.0  0.587  Y   -1  0.250  (27,28,283,284)
   7  0.815  0.836  0.808  0.919  0.833  0.246  0.000  0.0  0.959  N    0  0.159  (193,63,397,267)
   8  0.812  0.805  0.823  0.990  0.691  0.190  0.000  0.0  0.948  N    0  0.250  (165,0,421,256)
   9  0.797  0.713  0.840  0.963  0.783  0.180  0.000  0.0  0.957  N    0  0.122  (207,70,386,249)
  10  0.796  0.777  0.827  0.969  0.688  0.194  0.000  0.0  0.958  N    0  0.159  (184,50,388,254)
  11  0.789  0.892  0.865  0.612  0.996  0.220  0.000  0.0  0.561  Y   -1  0.159  (66,55,270,259)
  12  0.755  0.810  0.888  0.890  0.714  0.450  0.000  0.0  0.969  N    0  0.360  (109,10,416,317)
  13  0.752  0.650  0.809  0.932  0.838  0.286  0.000  0.0  0.956  N    0  0.250  (165,24,421,280)
  14  0.752  0.799  0.870  0.766  0.956  0.474  0.000  0.0  0.597  Y   -1  0.250  (25,62,281,318)
  15  0.741  0.666  0.902  0.911  0.860  0.468  0.000  0.0  0.948  N    0  0.250  (228,61,484,317)
  16  0.738  0.769  0.938  0.797  0.940  0.605  0.000  0.0  0.964  N    0  0.360  (155,41,462,348)
  17  0.738  0.790  0.835  0.663  0.988  0.362  0.000  0.0  0.582  Y   -1  0.250  (0,39,256,295)
  18  0.734  0.658  0.821  0.805  0.932  0.301  0.000  0.0  0.959  N    0  0.122  (232,100,411,279)
  19  0.733  0.843  0.917  0.852  0.661  0.546  0.000  0.0  0.977  N    0  0.360  (102,29,409,336)
  20  0.718  0.676  0.876  0.788  0.940  0.468  0.000  0.0  0.963  N    0  0.250  (181,61,437,317)
  21  0.715  0.614  0.833  0.851  0.906  0.391  0.000  0.0  0.562  Y   -1  0.159  (27,96,231,300)
  22  0.714  0.538  0.877  0.961  0.794  0.373  0.000  0.0  0.950  N    0  0.159  (251,91,455,295)
  23  0.713  0.558  0.827  0.962  0.793  0.360  0.000  0.0  0.968  N    0  0.159  (193,89,397,293)
  24  0.712  0.669  0.812  0.866  0.644  0.238  0.000  0.0  0.964  N    0  0.159  (176,61,380,265)
  25  0.709  0.901  0.885  0.790  0.262  0.232  0.000  0.0  0.954  N    0  0.250  (98,10,354,266)
  26  0.709  0.624  0.831  0.711  0.971  0.279  0.000  0.0  0.575  Y   -1  0.159  (94,71,298,275)
  27  0.704  0.581  0.844  0.813  0.929  0.367  0.000  0.0  0.960  N    0  0.159  (218,90,422,294)
  28  0.699  0.661  0.875  0.811  0.926  0.566  0.000  0.0  0.595  Y   -1  0.250  (0,80,256,336)
  29  0.699  0.637  0.790  0.784  0.944  0.402  0.000  0.0  0.575  Y   -1  0.159  (65,99,269,303)
  30  0.697  0.589  0.821  0.760  0.958  0.336  0.000  0.0  0.954  N    0  0.250  (181,35,437,291)
  31  0.697  0.587  0.874  0.942  0.824  0.556  0.000  0.0  0.970  N    0  0.250  (176,79,432,335)
  32  0.696  0.632  0.882  0.728  0.970  0.450  0.000  0.0  0.955  N    0  0.360  (155,10,462,317)
  33  0.694  0.498  0.843  0.982  0.707  0.315  0.000  0.0  0.949  N    0  0.122  (267,103,446,282)
  34  0.692  0.725  0.825  0.834  0.523  0.287  0.000  0.0  0.967  N    0  0.250  (127,24,383,280)
  35  0.692  0.640  0.912  0.992  0.610  0.580  0.000  0.0  0.949  N    0  0.250  (247,84,503,340)
  36  0.691  0.537  0.807  0.815  0.932  0.326  0.000  0.0  0.961  N    0  0.159  (207,82,411,286)
  37  0.675  0.573  0.811  0.882  0.685  0.336  0.000  0.0  0.967  N    0  0.250  (142,35,398,291)
  38  0.674  0.639  0.905  0.916  0.701  0.639  0.000  0.0  0.964  N    0  0.250  (211,97,467,353)
  39  0.674  0.669  0.854  0.811  0.917  0.687  0.000  0.0  0.605  Y   -1  0.250  (5,107,261,363)
  40  0.667  0.524  0.784  0.802  0.933  0.390  0.000  0.0  0.581  Y   -1  0.159  (86,97,290,301)
  41  0.661  0.656  0.823  0.800  0.934  0.704  0.000  0.0  0.616  Y   -1  0.250  (33,112,289,368)
  42  0.656  0.515  0.802  0.662  0.985  0.279  0.000  0.0  0.955  N    0  0.159  (214,71,418,275)
  43  0.651  0.676  0.833  0.791  0.361  0.195  0.000  0.0  0.967  N    0  0.159  (153,50,357,254)
  44  0.643  0.395  0.773  0.912  0.783  0.304  0.000  0.0  0.564  Y   -1  0.122  (100,102,279,281)
  45  0.641  0.794  0.843  0.684  0.372  0.312  0.000  0.0  0.963  N    0  0.250  (108,30,364,286)
  46  0.638  0.584  0.831  0.966  0.539  0.570  0.000  0.0  0.983  N    0  0.250  (136,82,392,338)
  47  0.634  0.684  0.837  0.729  0.551  0.406  0.000  0.0  0.975  N    0  0.250  (127,49,383,305)
  48  0.631  0.660  0.923  0.944  0.430  0.699  0.000  0.0  0.958  N    0  0.250  (246,112,502,368)
  49  0.623  0.284  0.823  0.991  0.709  0.320  0.000  0.0  0.969  N    0  0.122  (205,105,384,284)
  50  0.620  0.441  0.816  0.870  0.881  0.594  0.000  0.0  0.564  Y   -1  0.122  (39,171,218,350)
  51  0.619  0.387  0.786  0.844  0.892  0.438  0.000  0.0  0.564  Y   -1  0.122  (68,133,247,312)
  52  0.616  0.526  0.815  0.631  0.994  0.490  0.000  0.0  0.572  Y   -1  0.159  (37,117,241,321)
  53  0.608  0.700  0.824  0.827  0.365  0.534  0.000  0.0  0.978  N    0  0.250  (111,75,367,331)
  54  0.605  0.497  0.870  0.601  0.997  0.519  0.000  0.0  0.562  Y   -1  0.159  (0,122,204,326)
  55  0.604  0.526  0.872  0.897  0.620  0.670  0.000  0.0  0.978  N    0  0.250  (176,104,432,360)
  56  0.601  0.533  0.813  0.874  0.741  0.724  0.000  0.0  0.583  Y   -1  0.159  (68,186,272,390)
  57  0.598  0.434  0.871  0.719  0.972  0.608  0.000  0.0  0.571  Y   -1  0.159  (7,144,211,348)
  58  0.598  0.595  0.846  0.683  0.370  0.191  0.000  0.0  0.969  N    0  0.122  (173,73,352,252)
  59  0.586  0.381  0.835  0.794  0.934  0.628  0.000  0.0  0.580  Y   -1  0.159  (32,150,236,354)
  60  0.585  0.409  0.797  0.836  0.893  0.663  0.000  0.0  0.589  Y   -1  0.159  (61,161,265,365)
  61  0.574  0.374  0.773  0.688  0.982  0.485  0.000  0.0  0.586  Y   -1  0.159  (83,117,287,321)
  62  0.571  0.475  0.842  0.850  0.691  0.728  0.000  0.0  0.564  Y   -1  0.159  (7,187,211,391)
  63  0.570  0.675  0.870  0.650  0.307  0.401  0.000  0.0  0.953  N    0  0.360  (55,0,362,307)
  64  0.566  0.274  0.831  0.736  0.964  0.475  0.000  0.0  0.555  Y   -1  0.122  (33,140,212,319)
  65  0.564  0.338  0.788  0.728  0.967  0.546  0.000  0.0  0.571  Y   -1  0.122  (66,158,245,337)
  66  0.555  0.323  0.801  0.903  0.812  0.707  0.000  0.0  0.593  Y   -1  0.159  (92,177,296,381)
  67  0.555  0.350  0.831  0.898  0.762  0.730  0.000  0.0  0.590  Y   -1  0.159  (123,194,327,398)
  68  0.539  0.408  0.882  0.840  0.452  0.563  0.000  0.0  0.965  N    0  0.159  (243,132,447,336)
  69  0.538  0.493  0.899  0.802  0.318  0.539  0.000  0.0  0.953  N    0  0.159  (277,126,481,330)
  70  0.533  0.314  0.784  0.618  0.995  0.518  0.000  0.0  0.583  Y   -1  0.159  (66,124,270,328)
  71  0.531  0.389  0.760  0.824  0.677  0.645  0.000  0.0  0.578  Y   -1  0.122  (136,196,315,375)
  72  0.530  0.210  0.867  0.911  0.810  0.726  0.000  0.0  0.589  Y   -1  0.159  (188,194,392,398)
  73  0.530  0.502  0.847  0.883  0.359  0.721  0.000  0.0  0.993  N    0  0.250  (140,117,396,373)
  74  0.530  0.386  0.800  0.772  0.425  0.347  0.000  0.0  0.978  N    0  0.159  (158,87,362,291)
  75  0.529  0.246  0.779  0.829  0.909  0.666  0.000  0.0  0.600  Y   -1  0.159  (98,162,302,366)
  76  0.529  0.329  0.857  0.786  0.605  0.519  0.000  0.0  0.970  N    0  0.159  (219,122,423,326)
  77  0.524  0.426  0.769  0.786  0.630  0.647  0.000  0.0  0.558  Y   -1  0.122  (74,197,253,376)
  78  0.522  0.323  0.825  0.940  0.402  0.554  0.000  0.0  0.982  N    0  0.159  (189,131,393,335)
  79  0.522  0.184  0.755  0.856  0.888  0.592  0.000  0.0  0.584  Y   -1  0.122  (102,171,281,350)
  80  0.508  0.357  0.790  0.764  0.341  0.301  0.000  0.0  0.978  N    0  0.122  (172,101,351,280)
  81  0.506  0.148  0.850  0.890  0.758  0.641  0.000  0.0  0.566  Y   -1  0.122  (233,197,412,376)
  82  0.506  0.636  0.914  0.783  0.193  0.834  0.000  0.0  0.982  N    0  0.250  (154,153,410,409)
  83  0.505  0.307  0.781  0.815  0.669  0.641  0.000  0.0  0.590  Y   -1  0.122  (161,193,340,372)
  84  0.499  0.476  0.796  0.549  0.392  0.275  0.000  0.0  0.973  N    0  0.159  (153,70,357,274)
  85  0.497  0.237  0.882  0.909  0.346  0.492  0.000  0.0  0.961  N    0  0.122  (266,141,445,320)
  86  0.491  0.554  0.914  0.701  0.189  0.630  0.000  0.0  0.962  N    0  0.159  (272,150,476,354)
  87  0.473  0.033  0.763  0.730  0.969  0.475  0.000  0.0  0.578  Y   -1  0.122  (106,141,285,320)
  88  0.473  0.509  0.937  0.700  0.307  0.799  0.000  0.0  0.968  N    0  0.250  (218,141,474,397)
  89  0.468  0.544  0.800  0.729  0.216  0.683  0.000  0.0  0.986  N    0  0.250  (104,108,360,364)
  90  0.468  0.189  0.812  0.896  0.349  0.471  0.000  0.0  0.981  N    0  0.122  (200,138,379,317)
  91  0.468  0.255  0.775  0.789  0.615  0.651  0.000  0.0  0.560  Y   -1  0.122  (101,202,280,381)
  92  0.459  0.275  0.780  0.836  0.280  0.472  0.000  0.0  0.987  N    0  0.159  (153,113,357,317)
  93  0.436  0.000  0.821  0.857  0.725  0.643  0.000  0.0  0.578  Y   -1  0.122  (194,197,373,376)
  94  0.429  0.235  0.853  0.618  0.463  0.480  0.000  0.0  0.970  N    0  0.122  (234,139,413,318)
  95  0.386  0.515  0.901  0.748  0.261  0.634  0.150  0.0  0.970  N    0  0.159  (247,151,451,355)
  96  0.342  0.333  0.874  0.590  0.250  0.650  0.057  0.0  0.959  N    0  0.159  (211,156,415,360)
  97  0.310  0.103  0.775  0.683  0.176  0.411  0.049  0.0  0.967  N    0  0.122  (163,126,342,305)
  98  0.294  0.325  0.823  0.739  0.199  0.631  0.150  0.0  0.992  N    0  0.159  (178,151,382,355)
  99  0.262  0.323  0.782  0.340  0.084  0.639  0.000  0.0  0.989  N    0  0.159  (145,154,349,358)
 100  0.255  0.466  0.880  0.324  0.074  0.841  0.039  0.0  0.967  N    0  0.250  (100,155,356,411)
