图片: A08
候选框数量: 100
权重: W_AES=0.29 W_CONTENT=0.2 W_THIRDS=0.22 W_CENTER=0.3 W_DEP=-0.25 W_CLIP_PEN=0.6 W_MISSING_PEN=-0.5

排名  final   aes    con    3rd    ctr    dep    pen    msg    rule   L  i    area   box
   1  0.794  0.737  0.981  0.976  0.755  0.385  0.000  0.0  0.643  Y   -1  0.122  (316,193,533,340)
   2  0.783  0.777  0.880  0.940  0.648  0.239  0.000  0.0  0.526  Y   -1  0.122  (277,171,494,318)
   3  0.778  0.787  0.983  0.875  0.727  0.377  0.000  0.0  0.750  Y   -1  0.249  (311,132,622,342)
   4  0.774  0.672  0.955  0.909  0.863  0.354  0.000  0.0  0.522  Y   -1  0.089  (313,212,499,338)
   5  0.762  0.850  0.912  0.805  0.610  0.264  0.000  0.0  0.632  Y   -1  0.249  (296,118,607,328)
   6  0.753  0.616  1.000  0.935  0.832  0.431  0.000  0.0  0.578  Y   -1  0.089  (364,214,550,340)
   7  0.751  1.000  1.000  0.963  0.660  1.000  0.000  0.0  0.947  N    0  0.359  (44,169,417,421)
   8  0.748  0.647  0.881  0.934  0.674  0.218  0.000  0.0  0.477  Y   -1  0.089  (311,193,497,319)
   9  0.746  0.789  0.917  0.786  0.612  0.218  0.000  0.0  0.603  Y   -1  0.249  (311,111,622,321)
  10  0.738  0.759  0.868  0.872  0.514  0.197  0.000  0.0  0.454  Y   -1  0.159  (302,146,550,314)
  11  0.737  0.522  0.995  0.938  0.650  0.159  0.000  0.0  0.497  Y   -1  0.122  (400,162,617,309)
  12  0.733  0.538  0.949  0.859  0.905  0.294  0.000  0.0  0.438  Y   -1  0.062  (335,227,490,332)
  13  0.730  0.484  0.996  0.941  0.819  0.309  0.000  0.0  0.483  Y   -1  0.062  (380,224,535,329)
  14  0.723  0.858  1.000  0.995  0.690  0.984  0.000  0.0  0.942  N    0  0.249  (76,205,387,415)
  15  0.722  0.555  0.909  0.776  0.948  0.251  0.000  0.0  0.403  Y   -1  0.062  (303,226,458,331)
  16  0.717  0.986  1.000  0.971  0.485  1.000  0.000  0.0  0.958  N    0  0.359  (71,159,444,411)
  17  0.716  0.550  1.000  0.909  0.794  0.434  0.000  0.0  0.713  Y   -1  0.159  (343,177,591,345)
  18  0.716  0.606  0.925  0.883  0.537  0.143  0.000  0.0  0.415  Y   -1  0.159  (374,132,622,300)
  19  0.712  0.700  0.908  0.792  0.557  0.192  0.000  0.0  0.519  Y   -1  0.159  (331,149,579,317)
  20  0.703  0.505  1.000  0.895  0.815  0.425  0.000  0.0  0.703  Y   -1  0.122  (370,194,587,341)
  21  0.699  0.884  1.000  0.871  0.725  1.000  0.000  0.0  0.938  N    0  0.359  (8,169,381,421)
  22  0.698  0.474  0.968  0.897  0.680  0.226  0.000  0.0  0.609  Y   -1  0.159  (366,154,614,322)
  23  0.698  0.591  1.000  0.841  0.915  0.623  0.000  0.0  0.725  Y   -1  0.159  (370,199,618,367)
  24  0.696  0.802  0.831  0.694  0.500  0.159  0.000  0.0  0.403  Y   -1  0.249  (311,90,622,300)
  25  0.695  0.305  1.000  0.977  0.750  0.175  0.000  0.0  0.465  Y   -1  0.089  (436,184,622,310)
  26  0.693  0.295  1.000  0.942  0.813  0.178  0.000  0.0  0.386  Y   -1  0.062  (465,202,620,307)
  27  0.691  0.686  0.884  0.795  0.475  0.172  0.000  0.0  0.443  Y   -1  0.122  (329,164,546,311)
  28  0.676  0.660  0.921  0.715  0.512  0.160  0.000  0.0  0.475  Y   -1  0.122  (359,164,576,311)
  29  0.672  0.440  0.992  0.817  0.663  0.185  0.000  0.0  0.505  Y   -1  0.089  (395,190,581,316)
  30  0.666  0.713  1.000  0.910  0.748  0.961  0.000  0.0  0.935  N    0  0.249  (44,201,355,411)
  31  0.664  0.356  1.000  0.799  0.934  0.336  0.000  0.0  0.400  Y   -1  0.040  (401,246,525,330)
  32  0.663  0.488  1.000  0.845  0.892  0.614  0.000  0.0  0.708  Y   -1  0.159  (345,198,593,366)
  33  0.657  0.374  1.000  0.893  0.877  0.505  0.000  0.0  0.730  Y   -1  0.159  (374,185,622,353)
  34  0.654  0.606  0.997  0.918  0.841  0.939  0.000  0.0  0.925  N    0  0.249  (19,211,330,421)
  35  0.652  0.320  1.000  0.893  0.877  0.437  0.000  0.0  0.707  Y   -1  0.122  (405,195,622,342)
  36  0.648  0.518  1.000  0.769  0.953  0.689  0.000  0.0  0.688  Y   -1  0.122  (368,226,585,373)
  37  0.639  0.884  1.000  0.876  0.306  0.911  0.000  0.0  0.967  N    0  0.359  (71,134,444,386)
  38  0.630  0.311  1.000  0.843  0.908  0.490  0.000  0.0  0.579  Y   -1  0.089  (436,220,622,346)
  39  0.630  0.334  1.000  0.817  0.910  0.493  0.000  0.0  0.602  Y   -1  0.089  (404,220,590,346)
  40  0.626  0.796  1.000  0.800  0.521  0.916  0.000  0.0  0.933  N    0  0.249  (10,182,321,392)
  41  0.624  0.392  1.000  0.770  0.954  0.600  0.000  0.0  0.563  Y   -1  0.089  (358,236,544,362)
  42  0.620  0.895  1.000  0.955  0.443  0.928  0.087  0.0  0.939  N    2  0.249  (93,183,404,393)
  43  0.618  0.510  0.958  0.802  0.938  0.834  0.000  0.0  0.924  N    0  0.159  (70,247,318,415)
  44  0.615  0.935  1.000  0.641  0.481  0.927  0.000  0.0  0.941  N    0  0.249  (32,177,343,387)
  45  0.614  0.337  1.000  0.813  0.934  0.608  0.000  0.0  0.699  Y   -1  0.122  (405,216,622,363)
  46  0.611  0.235  1.000  0.831  0.911  0.445  0.000  0.0  0.491  Y   -1  0.062  (417,232,572,337)
  47  0.608  0.615  1.000  0.866  0.720  0.826  0.041  0.0  0.930  N    0  0.159  (64,227,312,395)
  48  0.605  0.474  1.000  0.667  0.985  0.715  0.000  0.0  0.581  Y   -1  0.089  (380,251,566,377)
  49  0.590  0.934  1.000  0.623  0.395  0.947  0.000  0.0  0.953  N    0  0.359  (15,134,388,386)
  50  0.589  0.154  1.000  0.805  0.931  0.399  0.000  0.0  0.465  Y   -1  0.062  (467,228,622,333)
  51  0.580  0.866  1.000  0.990  0.645  1.000  0.171  0.0  0.860  N    2  0.249  (108,211,419,421)
  52  0.569  0.254  0.944  0.768  0.952  0.590  0.000  0.0  0.387  Y   -1  0.040  (402,279,526,363)
  53  0.567  0.297  0.993  0.653  0.989  0.581  0.000  0.0  0.455  Y   -1  0.062  (467,255,622,360)
  54  0.563  0.240  1.000  0.718  0.973  0.599  0.000  0.0  0.472  Y   -1  0.062  (376,257,531,362)
  55  0.562  0.202  0.947  0.793  0.943  0.569  0.000  0.0  0.385  Y   -1  0.040  (420,272,544,356)
  56  0.561  0.251  1.000  0.688  0.981  0.591  0.000  0.0  0.437  Y   -1  0.062  (345,260,500,365)
  57  0.560  0.746  1.000  0.944  0.640  0.864  0.160  0.0  0.862  N    2  0.159  (106,226,354,394)
  58  0.559  0.482  0.970  0.786  0.946  0.876  0.054  0.0  0.915  N    2  0.159  (86,253,334,421)
  59  0.556  0.453  0.944  0.846  0.908  0.797  0.070  0.0  0.921  N    0  0.159  (51,243,299,411)
  60  0.544  0.253  1.000  0.670  0.986  0.661  0.000  0.0  0.594  Y   -1  0.089  (402,242,588,368)
  61  0.543  0.444  0.964  0.905  0.759  0.765  0.083  0.0  0.927  N    0  0.122  (78,244,295,391)
  62  0.542  0.192  1.000  0.729  0.967  0.640  0.000  0.0  0.573  Y   -1  0.089  (435,240,621,366)
  63  0.525  0.226  0.990  0.620  0.995  0.637  0.000  0.0  0.477  Y   -1  0.062  (431,261,586,366)
  64  0.510  0.571  0.989  0.875  0.893  0.908  0.171  0.0  0.844  N    2  0.159  (108,253,356,421)
  65  0.494  0.000  1.000  0.711  0.971  0.533  0.000  0.0  0.384  Y   -1  0.040  (439,263,563,347)
  66  0.488  0.979  1.000  0.934  0.421  1.000  0.261  0.0  0.777  Y    2  0.359  (124,169,497,421)
  67  0.482  0.403  0.885  0.812  0.935  0.779  0.127  0.0  0.912  N    0  0.159  (33,253,281,421)
  68  0.481  0.441  0.945  0.952  0.667  0.783  0.147  0.0  0.921  N    0  0.159  (27,226,275,394)
  69  0.477  0.549  0.861  0.941  0.826  0.718  0.225  0.0  0.840  N    0  0.159  (12,246,260,414)
  70  0.469  0.581  0.893  0.995  0.698  0.716  0.248  0.0  0.820  N    0  0.159  (8,233,256,401)
  71  0.445  0.572  1.000  0.971  0.723  0.827  0.272  0.0  0.752  N    2  0.122  (126,246,343,393)
  72  0.437  0.331  0.892  0.591  0.998  0.782  0.087  0.0  0.917  N    0  0.122  (76,271,293,418)
  73  0.393  0.527  0.997  0.734  0.457  0.862  0.159  0.0  0.867  N    0  0.159  (42,207,290,375)
  74  0.385  0.913  1.000  0.722  0.228  0.858  0.272  0.0  0.761  Y    2  0.359  (126,134,499,386)
  75  0.383  0.397  0.902  0.941  0.663  0.697  0.259  0.0  0.813  N    0  0.122  (37,240,254,387)
  76  0.383  0.364  0.909  0.765  0.954  0.752  0.237  0.0  0.712  N    0  0.089  (101,272,287,398)
  77  0.382  0.883  1.000  0.883  0.378  0.923  0.345  0.0  0.700  N    2  0.249  (139,187,450,397)
  78  0.377  0.260  0.862  0.807  0.918  0.717  0.205  0.0  0.822  N    0  0.089  (82,268,268,394)
  79  0.375  0.367  0.957  0.888  0.871  0.788  0.279  0.0  0.652  N    2  0.089  (116,266,302,392)
  80  0.374  0.372  0.970  0.788  0.944  0.865  0.247  0.0  0.768  N    2  0.122  (121,269,338,416)
  81  0.367  0.848  0.991  0.664  0.312  0.891  0.257  0.0  0.735  N    2  0.249  (55,155,366,365)
  82  0.362  0.557  1.000  1.000  0.645  0.887  0.351  0.0  0.676  N    2  0.159  (140,235,388,403)
  83  0.358  0.954  0.963  0.779  0.205  0.805  0.343  0.0  0.677  Y    0  0.359  (71,109,444,361)
  84  0.350  0.897  1.000  0.831  0.249  0.814  0.367  0.0  0.700  N    2  0.249  (102,155,413,365)
  85  0.349  0.669  1.000  0.833  0.384  0.844  0.299  0.0  0.781  N    2  0.159  (114,204,362,372)
  86  0.344  0.310  0.825  0.797  0.932  0.689  0.264  0.0  0.795  N    0  0.122  (36,272,253,419)
  87  0.326  0.658  1.000  0.707  0.381  0.849  0.275  0.0  0.728  N    2  0.159  (85,198,333,366)
  88  0.316  0.080  0.795  0.822  0.906  0.663  0.205  0.0  0.813  N    0  0.089  (86,295,272,421)
  89  0.308  0.857  0.981  0.695  0.290  0.874  0.343  0.0  0.622  Y    0  0.249  (59,151,370,361)
  90  0.308  0.250  0.807  0.552  1.000  0.689  0.205  0.0  0.817  N    0  0.089  (82,281,268,407)
  91  0.303  0.527  0.956  0.925  0.407  0.811  0.335  0.0  0.752  N    0  0.159  (0,209,248,377)
  92  0.302  0.294  0.883  0.769  0.954  0.767  0.303  0.0  0.623  N    2  0.089  (123,290,309,416)
  93  0.302  0.648  1.000  0.920  0.361  0.826  0.383  0.0  0.681  N    2  0.159  (140,208,388,376)
  94  0.299  0.212  0.860  0.645  0.991  0.727  0.237  0.0  0.707  N    0  0.089  (101,285,287,411)
  95  0.282  0.474  1.000  0.934  0.737  0.951  0.401  0.0  0.617  N    2  0.159  (149,253,397,421)
  96  0.279  0.230  0.877  0.931  0.838  0.622  0.371  0.0  0.614  N    0  0.089  (48,265,234,391)
  97  0.255  0.229  0.822  0.708  0.971  0.611  0.337  0.0  0.644  N    0  0.089  (54,281,240,407)
  98  0.222  0.620  1.000  0.770  0.415  0.818  0.432  0.0  0.631  N    2  0.122  (120,219,337,366)
  99  0.187  0.466  0.995  0.619  0.437  0.822  0.358  0.0  0.675  N    0  0.122  (77,216,294,363)
 100  0.078  0.307  0.947  0.790  0.422  0.823  0.479  0.0  0.594  N    0  0.122  (39,216,256,363)
