图片: A09
候选框数量: 100
权重: W_AES=0.29 W_CONTENT=0.2 W_THIRDS=0.22 W_CENTER=0.3 W_DEP=-0.25 W_CLIP_PEN=0.6 W_MISSING_PEN=-0.5

排名  final   aes    con    3rd    ctr    dep    pen    msg    rule   L  i    area   box
   1  0.838  0.916  1.000  0.886  0.883  0.472  0.000  0.0  0.355  Y   -1  0.249  (286,123,581,344)
   2  0.793  0.814  1.000  0.909  0.857  0.550  0.000  0.0  0.233  Y   -1  0.249  (253,104,548,325)
   3  0.777  0.796  1.000  0.872  0.895  0.587  0.000  0.0  0.322  Y   -1  0.249  (239,116,534,337)
   4  0.717  0.673  1.000  0.876  0.883  0.688  0.000  0.0  0.200  Y   -1  0.249  (212,98,507,319)
   5  0.704  0.821  0.959  0.996  0.599  0.890  0.000  0.0  0.957  N    0  0.358  (79,178,433,443)
   6  0.698  0.822  0.864  0.965  0.516  0.682  0.000  0.0  0.955  N    0  0.249  (95,197,390,418)
   7  0.679  0.933  0.979  0.932  0.408  0.948  0.000  0.0  0.968  N    0  0.358  (118,178,472,443)
   8  0.668  0.688  0.963  0.735  0.965  0.802  0.000  0.0  0.359  Y   -1  0.358  (118,73,472,338)
   9  0.661  0.738  0.807  0.883  0.740  0.766  0.000  0.0  0.916  Y    0  0.358  (26,178,380,443)
  10  0.656  0.720  0.935  0.964  0.588  0.879  0.000  0.0  0.951  N    0  0.249  (116,222,411,443)
  11  0.648  0.607  0.796  0.971  0.742  0.739  0.000  0.0  0.944  N    0  0.249  (76,213,371,434)
  12  0.645  0.529  0.909  0.924  0.846  0.771  0.000  0.0  0.188  Y   -1  0.358  (156,46,510,311)
  13  0.634  1.000  1.000  0.876  0.394  0.940  0.069  0.0  0.947  N    1  0.249  (147,222,442,443)
  14  0.615  0.309  0.937  0.978  0.761  0.570  0.000  0.0  0.524  Y   -1  0.249  (5,97,300,318)
  15  0.610  0.579  0.720  0.932  0.720  0.725  0.000  0.0  0.936  Y    0  0.358  (0,178,354,443)
  16  0.600  0.277  1.000  0.883  0.882  0.631  0.000  0.0  0.332  Y   -1  0.249  (56,104,351,325)
  17  0.599  0.462  0.914  0.829  0.921  0.829  0.000  0.0  0.198  Y   -1  0.358  (118,46,472,311)
  18  0.596  0.530  0.664  0.998  0.658  0.698  0.000  0.0  0.921  Y    0  0.249  (0,218,295,439)
  19  0.594  0.492  0.742  0.895  0.861  0.770  0.000  0.0  0.889  Y    0  0.249  (41,222,336,443)
  20  0.587  0.400  0.755  0.987  0.733  0.673  0.000  0.0  0.938  N    0  0.122  (118,259,324,414)
  21  0.586  0.620  0.569  0.961  0.452  0.536  0.000  0.0  0.930  Y    0  0.249  (0,193,295,414)
  22  0.586  0.278  0.828  0.951  0.799  0.552  0.000  0.0  0.508  Y   -1  0.249  (39,116,334,337)
  23  0.582  0.369  0.857  0.954  0.684  0.652  0.000  0.0  0.130  Y   -1  0.358  (209,20,563,285)
  24  0.573  0.392  0.673  0.948  0.779  0.628  0.000  0.0  0.930  N    0  0.122  (85,258,291,413)
  25  0.572  0.435  1.000  0.646  0.991  0.801  0.000  0.0  0.159  Y   -1  0.249  (147,90,442,311)
  26  0.571  0.270  1.000  0.818  0.931  0.730  0.000  0.0  0.132  Y   -1  0.249  (70,85,365,306)
  27  0.568  0.292  0.689  0.994  0.701  0.488  0.000  0.0  0.595  Y   -1  0.249  (0,116,295,337)
  28  0.566  0.789  1.000  0.677  0.231  0.738  0.000  0.0  0.972  N    0  0.249  (139,183,434,404)
  29  0.563  0.388  0.679  0.937  0.750  0.636  0.000  0.0  0.931  N    0  0.160  (68,241,304,418)
  30  0.563  0.332  0.863  0.972  0.725  0.773  0.000  0.0  0.144  Y   -1  0.358  (156,20,510,285)
  31  0.562  0.385  0.846  0.941  0.786  0.866  0.000  0.0  0.936  N    0  0.160  (120,266,356,443)
  32  0.559  0.390  0.754  0.958  0.623  0.648  0.000  0.0  0.944  N    0  0.160  (109,236,345,413)
  33  0.549  0.178  0.997  0.877  0.888  0.733  0.000  0.0  0.407  Y   -1  0.249  (12,67,307,288)
  34  0.548  0.284  0.884  0.927  0.844  0.839  0.000  0.0  0.154  Y   -1  0.358  (118,20,472,285)
  35  0.547  0.360  0.830  0.957  0.625  0.746  0.000  0.0  0.137  Y   -1  0.358  (156,0,510,265)
  36  0.547  0.321  0.736  0.851  0.901  0.682  0.000  0.0  0.853  N    0  0.089  (114,281,291,413)
  37  0.543  0.207  1.000  0.807  0.937  0.757  0.000  0.0  0.273  Y   -1  0.249  (39,69,334,290)
  38  0.542  0.231  0.929  0.935  0.832  0.831  0.000  0.0  0.101  Y   -1  0.249  (147,46,442,267)
  39  0.541  0.327  0.759  0.840  0.907  0.742  0.000  0.0  0.931  N    0  0.160  (85,254,321,431)
  40  0.537  0.247  0.971  0.808  0.937  0.833  0.000  0.0  0.109  Y   -1  0.249  (147,68,442,289)
  41  0.535  0.262  0.991  0.735  0.965  0.803  0.000  0.0  0.112  Y   -1  0.249  (159,84,454,305)
  42  0.533  0.329  0.636  0.999  0.620  0.615  0.000  0.0  0.867  Y    0  0.160  (39,243,275,420)
  43  0.533  0.656  0.595  0.724  0.444  0.532  0.000  0.0  0.908  Y    0  0.249  (34,182,329,403)
  44  0.531  0.319  0.731  0.904  0.857  0.805  0.000  0.0  0.861  Y    0  0.160  (49,266,285,443)
  45  0.529  0.646  0.881  0.925  0.398  0.702  0.099  0.0  0.939  N    1  0.160  (150,238,386,415)
  46  0.528  0.334  0.753  0.745  0.964  0.720  0.000  0.0  0.847  N    0  0.089  (104,288,281,420)
  47  0.524  0.558  0.753  0.832  0.292  0.596  0.000  0.0  0.958  N    0  0.160  (133,216,369,393)
  48  0.523  0.321  0.995  0.632  0.993  0.838  0.000  0.0  0.232  Y   -1  0.358  (64,46,418,311)
  49  0.523  0.206  1.000  0.798  0.937  0.854  0.000  0.0  0.169  Y   -1  0.249  (55,0,350,221)
  50  0.521  0.279  0.847  0.895  0.852  0.896  0.000  0.0  0.929  N    0  0.122  (124,288,330,443)
  51  0.516  0.262  1.000  0.646  0.991  0.798  0.000  0.0  0.137  Y   -1  0.249  (122,88,417,309)
  52  0.516  0.352  0.649  0.955  0.588  0.663  0.000  0.0  0.868  Y    0  0.160  (27,251,263,428)
  53  0.515  0.268  0.753  0.846  0.887  0.759  0.000  0.0  0.840  N    0  0.089  (88,295,265,427)
  54  0.512  0.560  0.557  0.783  0.449  0.533  0.000  0.0  0.938  N    0  0.160  (62,219,298,396)
  55  0.511  0.237  0.847  0.899  0.789  0.820  0.000  0.0  0.855  N    0  0.089  (141,295,318,427)
  56  0.503  0.434  0.879  0.803  0.589  0.888  0.000  0.0  0.942  N    0  0.160  (141,266,377,443)
  57  0.499  0.202  0.621  0.997  0.659  0.596  0.000  0.0  0.847  N    0  0.089  (83,273,260,405)
  58  0.495  0.386  0.564  0.927  0.441  0.548  0.000  0.0  0.867  Y    0  0.160  (27,233,263,410)
  59  0.495  0.207  0.857  0.986  0.696  0.913  0.000  0.0  0.849  N    0  0.089  (142,311,319,443)
  60  0.494  0.335  0.794  0.619  0.995  0.785  0.000  0.0  0.848  N    0  0.089  (114,295,291,427)
  61  0.490  0.324  0.778  0.665  0.986  0.833  0.000  0.0  0.925  N    0  0.160  (79,266,315,443)
  62  0.489  0.228  1.000  0.618  0.995  0.848  0.000  0.0  0.373  Y   -1  0.249  (14,2,309,223)
  63  0.481  0.206  1.000  0.605  0.997  0.834  0.000  0.0  0.303  Y   -1  0.249  (31,41,326,262)
  64  0.480  0.585  0.669  0.823  0.287  0.563  0.050  0.0  0.956  N    0  0.160  (115,207,351,384)
  65  0.477  0.441  0.845  0.958  0.525  0.722  0.109  0.0  0.929  N    1  0.122  (151,262,357,417)
  66  0.474  0.201  0.783  0.678  0.983  0.724  0.000  0.0  0.776  N    0  0.062  (118,306,265,416)
  67  0.474  0.300  0.704  0.866  0.659  0.789  0.000  0.0  0.862  Y    0  0.160  (27,266,263,443)
  68  0.473  0.919  1.000  0.875  0.301  0.894  0.229  0.0  0.868  N    1  0.249  (163,212,458,433)
  69  0.468  0.146  0.824  0.813  0.929  0.869  0.000  0.0  0.843  N    0  0.089  (114,308,291,440)
  70  0.464  0.269  0.653  0.985  0.705  0.648  0.075  0.0  0.784  N    0  0.089  (75,281,252,413)
  71  0.462  0.140  1.000  0.614  0.996  0.832  0.000  0.0  0.420  Y   -1  0.249  (6,23,301,244)
  72  0.462  0.195  0.828  0.954  0.715  0.753  0.058  0.0  0.848  N    1  0.089  (146,285,323,417)
  73  0.459  0.140  0.773  0.815  0.928  0.855  0.000  0.0  0.916  N    0  0.122  (76,288,282,443)
  74  0.457  0.148  0.742  0.849  0.905  0.692  0.043  0.0  0.718  N    0  0.040  (144,308,262,396)
  75  0.442  0.036  0.848  0.800  0.939  0.644  0.043  0.0  0.712  N    0  0.040  (144,325,262,413)
  76  0.434  0.153  0.779  0.988  0.716  0.848  0.056  0.0  0.814  N    0  0.089  (77,311,254,443)
  77  0.421  0.393  0.700  0.909  0.362  0.610  0.093  0.0  0.849  N    0  0.089  (147,255,324,387)
  78  0.418  0.358  0.600  0.677  0.455  0.568  0.000  0.0  0.863  N    0  0.089  (117,254,294,386)
  79  0.416  0.000  0.875  0.852  0.622  0.696  0.000  0.0  0.766  N    0  0.062  (117,333,264,443)
  80  0.415  0.524  0.733  0.794  0.262  0.594  0.099  0.0  0.935  N    0  0.122  (147,231,353,386)
  81  0.409  0.312  0.877  0.822  0.633  0.924  0.079  0.0  0.922  N    1  0.122  (148,288,354,443)
  82  0.404  0.094  0.797  0.628  0.994  0.680  0.043  0.0  0.715  N    0  0.040  (144,317,262,405)
  83  0.393  0.515  0.483  0.887  0.321  0.514  0.127  0.0  0.832  N    0  0.089  (76,251,253,383)
  84  0.390  0.765  0.985  0.739  0.183  0.663  0.242  0.0  0.813  N    0  0.249  (112,155,407,376)
  85  0.388  0.701  0.477  0.781  0.219  0.458  0.159  0.0  0.877  Y    0  0.249  (8,158,303,379)
  86  0.381  0.487  0.454  0.823  0.282  0.500  0.093  0.0  0.870  N    0  0.122  (46,233,252,388)
  87  0.379  0.353  0.454  0.796  0.264  0.480  0.030  0.0  0.874  Y    0  0.160  (25,214,261,391)
  88  0.378  0.992  1.000  0.805  0.234  0.961  0.323  0.0  0.774  N    1  0.358  (171,178,525,443)
  89  0.377  0.460  0.525  0.713  0.337  0.521  0.073  0.0  0.940  N    0  0.122  (81,227,287,382)
  90  0.375  0.408  0.577  0.769  0.450  0.554  0.107  0.0  0.776  N    0  0.062  (116,271,263,381)
  91  0.365  0.130  0.326  0.728  0.566  0.346  0.000  0.0  0.319  Y   -1  0.040  (4,286,122,374)
  92  0.331  0.448  0.669  0.753  0.534  0.787  0.165  0.0  0.786  Y    0  0.160  (7,266,243,443)
  93  0.330  0.505  0.600  0.898  0.443  0.660  0.234  0.0  0.752  Y    0  0.160  (0,251,236,428)
  94  0.288  0.501  0.589  0.653  0.320  0.551  0.187  0.0  0.841  N    0  0.122  (110,223,316,378)
  95  0.281  0.350  0.534  0.934  0.417  0.569  0.244  0.0  0.664  Y    0  0.122  (29,254,235,409)
  96  0.251  0.650  0.550  0.549  0.248  0.497  0.242  0.0  0.795  Y    0  0.249  (40,155,335,376)
  97  0.247  0.267  0.707  0.775  0.588  0.843  0.214  0.0  0.703  Y    0  0.122  (32,288,238,443)
  98  0.213  0.652  0.768  0.619  0.225  0.571  0.351  0.0  0.689  Y    0  0.249  (77,151,372,372)
  99  0.117  0.458  0.434  0.767  0.274  0.500  0.391  0.0  0.468  Y    0  0.089  (45,256,222,388)
 100  0.088  0.474  0.382  0.575  0.153  0.453  0.331  0.0  0.697  Y    0  0.160  (0,204,236,381)
