图片: A10
候选框数量: 100
权重: W_AES=0.29 W_CONTENT=0.2 W_THIRDS=0.22 W_CENTER=0.3 W_DEP=-0.25 W_CLIP_PEN=0.6 W_MISSING_PEN=-0.5

排名  final   aes    con    3rd    ctr    dep    pen    msg    rule   L  i    area   box
   1  0.840  0.926  0.702  0.990  0.723  0.155  0.000  0.0  0.177  Y   -1  0.249  (220,54,515,275)
   2  0.838  0.906  0.721  0.972  0.774  0.171  0.000  0.0  0.275  Y   -1  0.249  (118,59,413,280)
   3  0.819  0.821  0.799  0.903  0.864  0.189  0.000  0.0  0.320  Y   -1  0.160  (135,105,371,282)
   4  0.804  0.806  0.790  0.958  0.732  0.189  0.000  0.0  0.257  Y   -1  0.160  (114,100,350,277)
   5  0.787  0.782  0.697  0.967  0.774  0.196  0.000  0.0  0.219  Y   -1  0.249  (255,61,550,282)
   6  0.782  0.787  0.775  0.760  0.959  0.172  0.000  0.0  0.293  Y   -1  0.160  (220,107,456,284)
   7  0.775  0.672  0.859  0.871  0.875  0.191  0.000  0.0  0.269  Y   -1  0.122  (151,122,357,277)
   8  0.771  0.821  0.806  0.650  0.990  0.182  0.000  0.0  0.330  Y   -1  0.160  (180,107,416,284)
   9  0.744  0.844  0.823  0.908  0.487  0.298  0.000  0.0  0.975  N    0  0.249  (221,126,516,347)
  10  0.722  0.586  0.876  0.916  0.786  0.330  0.000  0.0  0.975  N    0  0.160  (210,178,446,355)
  11  0.714  0.666  0.855  0.588  0.998  0.181  0.000  0.0  0.262  Y   -1  0.122  (200,122,406,277)
  12  0.704  0.681  0.827  0.898  0.863  0.597  0.000  0.0  0.963  N    0  0.249  (213,165,508,386)
  13  0.699  0.901  0.823  0.673  0.494  0.267  0.000  0.0  0.985  N    0  0.249  (191,121,486,342)
  14  0.697  0.886  0.851  0.943  0.491  0.724  0.000  0.0  0.931  Y    1  0.358  (0,124,354,389)
  15  0.696  0.354  0.930  0.979  0.756  0.189  0.000  0.0  0.296  Y   -1  0.062  (154,176,301,286)
  16  0.694  0.543  0.826  0.925  0.838  0.421  0.000  0.0  0.963  N    0  0.160  (238,189,474,366)
  17  0.690  0.605  0.691  0.954  0.609  0.219  0.000  0.0  0.316  Y   -1  0.249  (12,67,307,288)
  18  0.685  0.757  0.791  0.898  0.339  0.263  0.000  0.0  0.974  N    0  0.249  (239,116,534,337)
  19  0.680  0.533  0.829  0.972  0.619  0.335  0.000  0.0  0.959  N    0  0.122  (272,199,478,354)
  20  0.679  0.750  0.924  0.966  0.787  1.000  0.000  0.0  0.916  Y    1  0.358  (0,167,354,432)
  21  0.679  0.530  0.764  0.888  0.696  0.209  0.000  0.0  0.226  Y   -1  0.122  (86,120,292,275)
  22  0.678  0.293  0.962  0.879  0.887  0.188  0.000  0.0  0.307  Y   -1  0.062  (196,176,343,286)
  23  0.674  0.575  0.745  0.843  0.702  0.224  0.000  0.0  0.404  Y   -1  0.160  (63,114,299,291)
  24  0.673  0.372  0.904  0.772  0.954  0.189  0.000  0.0  0.315  Y   -1  0.089  (206,152,383,284)
  25  0.672  0.627  0.812  0.957  0.494  0.379  0.000  0.0  0.956  N    0  0.160  (275,182,511,359)
  26  0.665  0.572  0.884  0.812  0.576  0.248  0.000  0.0  0.983  N    0  0.160  (202,163,438,340)
  27  0.660  0.591  0.784  0.839  0.903  0.575  0.000  0.0  0.956  N    0  0.160  (241,206,477,383)
  28  0.660  0.502  0.833  0.948  0.535  0.268  0.000  0.0  0.970  N    0  0.160  (246,165,482,342)
  29  0.660  0.454  0.816  0.823  0.928  0.367  0.000  0.0  0.970  N    0  0.122  (221,206,427,361)
  30  0.659  0.415  0.688  0.971  0.760  0.226  0.000  0.0  0.315  Y   -1  0.160  (38,108,274,285)
  31  0.657  0.663  0.771  0.946  0.570  0.544  0.000  0.0  0.954  N    0  0.249  (254,159,549,380)
  32  0.654  0.444  0.675  0.847  0.912  0.246  0.000  0.0  0.280  Y   -1  0.160  (326,110,562,287)
  33  0.644  0.921  0.850  0.825  0.336  0.729  0.000  0.0  0.967  Y    0  0.358  (42,124,396,389)
  34  0.640  0.226  0.918  0.850  0.888  0.181  0.000  0.0  0.330  Y   -1  0.062  (247,178,394,288)
  35  0.624  0.705  0.793  0.721  0.973  0.874  0.000  0.0  0.956  N    0  0.249  (200,193,495,414)
  36  0.621  0.208  0.803  0.953  0.800  0.205  0.000  0.0  0.302  Y   -1  0.062  (118,177,265,287)
  37  0.620  0.588  0.792  0.634  0.993  0.560  0.000  0.0  0.962  N    0  0.160  (220,205,456,382)
  38  0.617  0.722  0.886  0.966  0.470  0.929  0.000  0.0  0.957  Y    0  0.358  (42,150,396,415)
  39  0.615  0.566  0.816  0.848  0.304  0.215  0.000  0.0  0.969  N    0  0.122  (274,170,480,325)
  40  0.608  0.405  0.768  0.944  0.774  0.550  0.000  0.0  0.970  N    0  0.122  (194,227,400,382)
  41  0.606  0.276  0.816  0.966  0.705  0.347  0.000  0.0  0.978  N    0  0.122  (191,205,397,360)
  42  0.602  0.494  0.754  0.759  0.949  0.606  0.000  0.0  0.958  N    0  0.122  (229,232,435,387)
  43  0.601  0.529  0.798  0.858  0.358  0.280  0.000  0.0  0.962  N    0  0.160  (276,165,512,342)
  44  0.597  0.579  0.450  0.961  0.703  0.531  0.000  0.0  0.509  Y   -1  0.122  (379,230,585,385)
  45  0.596  0.239  0.671  0.922  0.841  0.243  0.000  0.0  0.353  Y   -1  0.160  (8,114,244,291)
  46  0.593  0.213  0.740  0.924  0.773  0.222  0.000  0.0  0.210  Y   -1  0.089  (75,147,252,279)
  47  0.581  0.189  0.703  0.906  0.830  0.239  0.000  0.0  0.430  Y   -1  0.122  (43,138,249,293)
  48  0.574  0.425  0.852  0.721  0.493  0.213  0.000  0.0  0.977  N    0  0.122  (239,174,445,329)
  49  0.571  0.752  0.767  0.658  0.202  0.325  0.000  0.0  0.958  N    0  0.249  (286,123,581,344)
  50  0.560  0.630  0.891  0.861  0.320  0.756  0.000  0.0  0.933  Y    0  0.249  (71,168,366,389)
  51  0.559  0.797  0.797  0.699  0.204  0.574  0.000  0.0  0.976  Y    0  0.358  (42,97,396,362)
  52  0.537  0.000  0.763  0.989  0.722  0.229  0.000  0.0  0.354  Y   -1  0.062  (75,181,222,291)
  53  0.532  0.527  0.746  0.956  0.480  0.888  0.000  0.0  0.957  N    0  0.122  (198,260,404,415)
  54  0.528  0.706  0.938  0.718  0.425  1.000  0.000  0.0  0.948  Y    0  0.358  (64,178,418,443)
  55  0.502  0.822  0.802  0.549  0.158  0.584  0.015  0.0  0.976  Y    0  0.358  (64,99,418,364)
  56  0.492  0.450  0.824  0.528  0.334  0.204  0.000  0.0  0.987  N    0  0.160  (212,143,448,320)
  57  0.487  0.632  0.863  0.633  0.210  0.645  0.000  0.0  0.941  Y    0  0.249  (71,146,366,367)
  58  0.479  0.590  0.737  0.717  0.512  0.927  0.000  0.0  0.949  N    0  0.122  (222,264,428,419)
  59  0.449  0.512  0.700  0.568  0.137  0.278  0.000  0.0  0.955  N    0  0.160  (311,158,547,335)
  60  0.394  0.417  0.712  0.456  0.121  0.226  0.000  0.0  0.961  N    0  0.122  (308,166,514,321)
  61  0.370  0.881  0.841  0.662  0.180  0.712  0.237  0.0  0.947  Y    0  0.358  (95,124,449,389)
  62  0.365  1.000  0.809  0.824  0.604  0.418  0.515  0.0  0.982  N    0  0.358  (171,99,525,364)
  63  0.349  0.704  0.901  0.905  0.856  0.535  0.500  0.0  0.977  N    0  0.249  (173,157,468,378)
  64  0.302  0.620  0.892  0.729  0.339  0.950  0.237  0.0  0.910  Y    0  0.249  (95,197,390,418)
  65  0.301  0.592  0.899  0.956  0.459  0.268  0.500  0.0  0.990  N    0  0.160  (177,161,413,338)
  66  0.290  0.724  0.921  0.995  0.633  0.834  0.500  0.0  0.896  Y    1  0.249  (34,182,329,403)
  67  0.286  0.460  0.923  0.989  0.726  0.405  0.515  0.0  0.980  N    0  0.160  (177,187,413,364)
  68  0.279  0.516  0.849  0.777  0.246  0.607  0.288  0.0  0.685  Y    1  0.160  (65,168,301,345)
  69  0.274  0.856  0.843  0.738  0.965  1.000  0.500  0.0  0.954  N    0  0.358  (171,178,525,443)
  70  0.257  0.732  0.824  0.556  0.148  0.544  0.306  0.0  0.950  Y    0  0.249  (71,123,366,344)
  71  0.240  0.728  0.866  0.917  0.392  0.682  0.500  0.0  0.913  Y    1  0.249  (40,155,335,376)
  72  0.236  0.725  0.842  0.915  0.368  0.644  0.500  0.0  0.901  Y    1  0.249  (27,146,322,367)
  73  0.234  0.492  0.797  0.894  0.874  0.672  0.500  0.0  0.967  N    0  0.160  (186,217,422,394)
  74  0.234  0.601  0.849  0.846  0.273  0.232  0.500  0.0  0.996  N    0  0.160  (177,143,413,320)
  75  0.221  0.509  0.784  0.820  0.302  0.589  0.376  0.0  0.607  Y    1  0.160  (42,163,278,340)
  76  0.214  0.452  0.895  0.864  0.325  0.204  0.500  0.0  0.988  N    0  0.122  (185,172,391,327)
  77  0.196  0.596  0.773  0.995  0.603  0.934  0.500  0.0  0.960  N    0  0.160  (177,243,413,420)
  78  0.166  0.912  0.847  0.639  0.154  0.701  0.500  0.0  0.931  Y    0  0.358  (118,126,472,391)
  79  0.156  0.822  0.769  0.614  0.141  0.455  0.500  0.0  0.845  Y    0  0.249  (56,104,351,325)
  80  0.155  0.658  0.808  0.931  0.404  1.000  0.500  0.0  0.954  N    0  0.160  (177,261,413,438)
  81  0.132  0.652  0.834  0.582  0.146  0.307  0.500  0.0  0.989  N    0  0.160  (147,138,383,315)
  82  0.125  0.769  0.906  0.672  0.164  0.804  0.500  0.0  0.972  N    0  0.249  (155,184,450,405)
  83  0.117  0.837  0.746  0.441  0.083  0.331  0.500  0.0  0.700  Y    0  0.249  (70,85,365,306)
  84  0.106  0.402  0.904  0.674  0.224  0.307  0.500  0.0  0.981  N    0  0.122  (164,174,370,329)
  85  0.105  0.840  0.921  0.582  0.250  1.000  0.500  0.0  0.912  Y    0  0.358  (118,178,472,443)
  86  0.101  0.468  0.916  0.594  0.178  0.585  0.433  0.0  0.676  Y    0  0.160  (108,181,344,358)
  87  0.100  0.707  0.836  0.440  0.119  0.515  0.456  0.0  0.946  Y    0  0.249  (95,125,390,346)
  88  0.093  0.665  0.880  0.530  0.136  0.573  0.483  0.0  0.925  Y    0  0.249  (115,146,410,367)
  89  0.084  0.847  0.828  0.300  0.065  0.372  0.500  0.0  0.996  N    0  0.249  (147,121,442,342)
  90  0.083  0.866  0.806  0.397  0.094  0.514  0.515  0.0  0.940  Y    0  0.358  (118,99,472,364)
  91  0.079  0.767  0.865  0.384  0.087  0.459  0.500  0.0  0.989  N    0  0.249  (137,134,432,355)
  92  0.074  0.574  0.940  0.536  0.130  0.515  0.500  0.0  0.971  N    0  0.160  (136,183,372,360)
  93  0.073  0.890  0.753  0.273  0.067  0.386  0.500  0.0  0.916  Y    0  0.358  (118,73,472,338)
  94  0.060  0.469  0.828  0.729  0.250  0.722  0.500  0.0  0.958  N    0  0.160  (133,216,369,393)
  95  0.035  0.663  0.843  0.554  0.291  1.000  0.495  0.0  0.951  N    0  0.249  (116,222,411,443)
  96  0.016  0.392  0.894  0.540  0.122  0.455  0.500  0.0  0.968  N    0  0.122  (150,200,356,355)
  97  0.005  0.460  0.912  0.426  0.104  0.452  0.500  0.0  0.976  N    0  0.160  (136,168,372,345)
  98  -0.004  0.525  0.876  0.316  0.072  0.364  0.500  0.0  0.984  N    0  0.160  (149,156,385,333)
  99  -0.009  0.693  0.840  0.440  0.207  1.000  0.500  0.0  0.961  N    0  0.249  (147,217,442,438)
 100  -0.049  0.549  0.754  0.448  0.219  0.892  0.500  0.0  0.955  N    0  0.160  (150,238,386,415)
