图片: A11
候选框数量: 100
权重: W_AES=0.29 W_CONTENT=0.2 W_THIRDS=0.22 W_CENTER=0.3 W_DEP=-0.25 W_CLIP_PEN=0.6 W_MISSING_PEN=-0.5

排名  final   aes    con    3rd    ctr    dep    pen    msg    rule   L  i    area   box
   1  0.769  0.869  0.894  0.872  0.851  0.594  0.000  0.0  0.970  N    2  0.250  (76,162,337,412)
   2  0.737  0.873  0.825  0.883  0.835  0.705  0.000  0.0  0.969  N    1  0.359  (42,137,355,437)
   3  0.731  0.791  0.830  0.795  0.927  0.506  0.010  0.0  0.798  N    1  0.159  (142,167,350,367)
   4  0.649  0.775  0.938  0.984  0.737  0.725  0.112  0.0  0.948  N    2  0.250  (63,187,324,437)
   5  0.649  0.659  0.912  0.555  1.000  0.541  0.000  0.0  0.959  N    1  0.159  (142,187,350,387)
   6  0.632  0.735  0.945  0.805  0.919  0.591  0.125  0.0  0.977  N    1  0.159  (142,207,350,407)
   7  0.631  0.632  0.969  0.908  0.836  0.641  0.097  0.0  0.972  N    2  0.159  (147,222,355,422)
   8  0.620  0.755  0.919  0.792  0.929  0.538  0.151  0.0  0.930  N    2  0.159  (110,187,318,387)
   9  0.616  0.665  0.963  0.938  0.829  0.619  0.144  0.0  0.957  N    2  0.159  (118,216,326,416)
  10  0.579  0.960  0.923  0.924  0.683  0.678  0.250  0.0  0.824  N    2  0.250  (42,179,303,429)
  11  0.578  0.626  0.930  0.635  0.992  0.531  0.112  0.0  0.851  N    2  0.122  (142,195,324,370)
  12  0.574  0.663  0.989  0.950  0.783  0.668  0.185  0.0  0.961  N    2  0.159  (129,230,337,430)
  13  0.573  0.595  0.971  0.908  0.703  0.897  0.066  0.0  0.962  N    2  0.250  (102,215,363,465)
  14  0.569  0.865  0.930  0.939  0.582  0.972  0.138  0.0  0.956  N    0  0.359  (172,172,485,472)
  15  0.563  0.690  0.913  0.723  0.971  0.523  0.184  0.0  0.820  N    2  0.122  (179,196,361,371)
  16  0.519  0.749  0.945  0.957  0.802  0.588  0.307  0.0  0.823  N    2  0.159  (94,206,302,406)
  17  0.498  0.306  0.777  0.724  0.971  0.840  0.000  0.0  0.831  N    0  0.089  (366,291,522,441)
  18  0.480  0.153  0.712  0.923  0.726  0.659  0.000  0.0  0.842  N    0  0.089  (366,257,522,407)
  19  0.464  0.535  0.990  0.879  0.859  0.569  0.288  0.0  0.954  N    2  0.122  (145,236,327,411)
  20  0.426  0.873  0.919  0.900  0.655  0.703  0.387  0.0  0.964  N    0  0.250  (194,178,455,428)
  21  0.424  0.301  0.759  0.771  0.598  0.912  0.000  0.0  0.822  N    0  0.089  (360,324,516,474)
  22  0.408  0.918  0.947  0.978  0.593  0.811  0.426  0.0  0.959  N    0  0.250  (190,197,451,447)
  23  0.401  0.749  0.981  0.974  0.510  1.000  0.308  0.0  0.954  N    0  0.359  (150,201,463,501)
  24  0.396  0.438  0.977  0.915  0.849  0.574  0.341  0.0  0.916  N    2  0.122  (176,235,358,410)
  25  0.392  0.473  0.967  0.614  0.996  0.524  0.290  0.0  0.823  N    2  0.089  (162,220,318,370)
  26  0.392  0.636  0.984  0.974  0.506  0.944  0.286  0.0  0.864  N    2  0.250  (50,223,311,473)
  27  0.385  1.000  0.848  0.849  0.897  0.760  0.500  0.0  0.980  N    1  0.359  (125,142,438,442)
  28  0.366  0.820  0.805  0.872  0.894  0.530  0.500  0.0  0.918  N    1  0.250  (140,144,401,394)
  29  0.364  0.440  0.971  0.677  0.983  0.515  0.337  0.0  0.879  N    2  0.089  (168,227,324,377)
  30  0.354  0.891  0.731  0.793  0.926  0.542  0.500  0.0  0.921  N    1  0.359  (89,107,402,407)
  31  0.345  0.819  0.764  0.793  0.926  0.498  0.500  0.0  0.872  N    1  0.250  (115,137,376,387)
  32  0.341  0.884  0.942  0.948  0.804  0.962  0.500  0.0  0.971  N    1  0.359  (125,172,438,472)
  33  0.336  0.602  1.000  0.912  0.495  1.000  0.308  0.0  0.929  N    2  0.250  (83,248,344,498)
  34  0.334  0.845  0.730  0.963  0.657  0.508  0.515  0.0  0.841  N    0  0.250  (184,134,445,384)
  35  0.326  0.747  0.954  0.985  0.731  0.798  0.500  0.0  0.971  N    1  0.250  (151,197,412,447)
  36  0.322  0.635  0.880  0.888  0.864  0.517  0.500  0.0  0.798  N    2  0.159  (187,181,395,381)
  37  0.321  0.704  0.888  0.874  0.848  0.612  0.500  0.0  0.981  N    2  0.250  (154,162,415,412)
  38  0.307  0.724  0.934  0.801  0.920  0.732  0.500  0.0  0.976  N    1  0.250  (115,187,376,437)
  39  0.302  0.759  0.760  0.787  0.568  0.557  0.428  0.0  0.939  N    0  0.250  (216,151,477,401)
  40  0.300  0.757  0.943  0.972  0.479  0.865  0.454  0.0  0.951  N    0  0.250  (210,204,471,454)
  41  0.298  0.582  0.932  0.834  0.914  0.575  0.500  0.0  0.976  N    2  0.159  (164,201,372,401)
  42  0.298  0.602  0.909  0.797  0.925  0.539  0.500  0.0  0.943  N    2  0.159  (173,187,381,387)
  43  0.283  0.886  0.828  0.550  1.000  0.715  0.500  0.0  0.984  N    1  0.359  (89,137,402,437)
  44  0.282  0.511  0.966  0.977  0.762  0.648  0.500  0.0  0.914  N    2  0.159  (178,222,386,422)
  45  0.274  0.662  0.984  0.950  0.473  0.967  0.426  0.0  0.951  N    0  0.250  (190,223,451,473)
  46  0.273  0.384  1.000  0.839  0.891  0.486  0.484  0.0  0.806  N    2  0.089  (166,249,322,399)
  47  0.268  0.710  0.929  0.800  0.921  0.919  0.500  0.0  0.974  N    1  0.359  (89,167,402,467)
  48  0.268  0.735  0.892  0.551  1.000  0.599  0.500  0.0  0.984  N    1  0.250  (115,162,376,412)
  49  0.263  0.450  0.947  0.976  0.759  0.617  0.500  0.0  0.845  N    2  0.159  (189,213,397,413)
  50  0.253  0.440  0.989  0.969  0.747  0.681  0.500  0.0  0.959  N    2  0.159  (166,232,374,432)
  51  0.247  0.716  0.977  0.890  0.678  1.000  0.500  0.0  0.968  N    1  0.359  (104,201,417,501)
  52  0.243  0.605  0.739  0.951  0.811  0.789  0.500  0.0  0.926  N    0  0.159  (312,235,520,435)
  53  0.238  0.628  0.990  0.972  0.587  0.944  0.500  0.0  0.961  N    2  0.250  (151,222,412,472)
  54  0.236  0.333  1.000  0.913  0.737  0.611  0.472  0.0  0.855  N    2  0.122  (136,255,318,430)
  55  0.232  0.650  0.902  0.912  0.437  0.665  0.500  0.0  0.949  N    0  0.159  (253,218,461,418)
  56  0.222  0.739  0.848  0.849  0.474  0.756  0.500  0.0  0.950  N    0  0.250  (230,186,491,436)
  57  0.213  0.669  0.682  0.776  0.550  0.456  0.500  0.0  0.857  N    0  0.159  (244,177,452,377)
  58  0.205  0.364  0.996  0.967  0.664  0.728  0.500  0.0  0.886  N    2  0.159  (178,242,386,442)
  59  0.204  0.568  0.973  0.940  0.635  1.000  0.500  0.0  0.953  N    1  0.359  (57,201,370,501)
  60  0.196  0.520  0.905  0.861  0.464  0.577  0.500  0.0  0.951  N    0  0.122  (264,225,446,400)
  61  0.190  0.588  1.000  0.940  0.432  1.000  0.485  0.0  0.947  N    0  0.250  (184,240,445,490)
  62  0.170  0.257  1.000  0.894  0.687  0.641  0.500  0.0  0.834  N    2  0.122  (175,262,357,437)
  63  0.165  0.535  1.000  0.936  0.459  1.000  0.500  0.0  0.931  N    2  0.250  (155,251,416,501)
  64  0.162  0.816  0.731  0.650  0.372  0.666  0.500  0.0  0.945  N    0  0.250  (261,173,522,423)
  65  0.160  0.453  0.795  0.873  0.893  1.000  0.500  0.0  0.913  N    0  0.159  (312,275,520,475)
  66  0.156  0.660  0.597  0.771  0.350  0.446  0.500  0.0  0.841  N    0  0.250  (261,137,522,387)
  67  0.148  0.299  0.723  0.982  0.679  0.662  0.500  0.0  0.850  N    0  0.089  (337,258,493,408)
  68  0.145  0.335  0.713  0.865  0.890  0.763  0.500  0.0  0.919  N    0  0.122  (340,253,522,428)
  69  0.139  0.736  0.712  0.681  0.253  0.558  0.500  0.0  0.940  N    0  0.122  (305,221,487,396)
  70  0.135  0.736  0.715  0.558  0.373  0.505  0.500  0.0  0.942  N    0  0.159  (278,189,486,389)
  71  0.127  0.460  0.948  0.890  0.358  0.839  0.500  0.0  0.940  N    0  0.159  (252,248,460,448)
  72  0.127  0.417  0.773  0.951  0.679  1.000  0.500  0.0  0.904  N    0  0.159  (313,301,521,501)
  73  0.118  0.311  0.834  0.998  0.677  1.000  0.500  0.0  0.913  N    0  0.122  (313,299,495,474)
  74  0.107  0.746  0.783  0.739  0.342  0.586  0.600  0.0  0.945  N    0  0.159  (280,204,488,404)
  75  0.105  0.342  0.751  0.783  0.948  0.966  0.500  0.0  0.908  N    0  0.122  (340,287,522,462)
  76  0.104  0.382  0.956  0.868  0.322  0.764  0.500  0.0  0.937  N    0  0.122  (272,261,454,436)
  77  0.098  0.522  0.844  0.825  0.240  0.766  0.500  0.0  0.932  N    0  0.159  (292,233,500,433)
  78  0.089  0.310  0.650  0.825  0.633  0.623  0.500  0.0  0.926  N    0  0.122  (340,232,522,407)
  79  0.088  0.359  0.871  0.806  0.308  0.600  0.500  0.0  0.865  N    0  0.089  (297,251,453,401)
  80  0.084  0.117  0.810  0.945  0.785  0.835  0.500  0.0  0.843  N    0  0.089  (325,292,481,442)
  81  0.077  0.643  0.673  0.702  0.188  0.656  0.500  0.0  0.931  N    0  0.159  (314,216,522,416)
  82  0.065  0.486  0.678  0.594  0.354  0.442  0.500  0.0  0.841  N    0  0.089  (296,222,452,372)
  83  0.059  0.503  0.966  0.754  0.271  1.000  0.500  0.0  0.929  N    0  0.250  (235,249,496,499)
  84  0.054  0.302  1.000  0.770  0.529  1.000  0.500  0.0  0.939  N    2  0.250  (130,251,391,501)
  85  0.038  0.369  0.959  0.789  0.300  0.954  0.500  0.0  0.934  N    0  0.159  (250,269,458,469)
  86  0.029  0.716  0.846  0.846  0.280  0.927  0.650  0.0  0.933  N    0  0.250  (261,210,522,460)
  87  0.025  0.521  0.921  0.686  0.212  1.000  0.500  0.0  0.921  N    0  0.250  (258,251,519,501)
  88  0.012  0.590  0.525  0.478  0.215  0.420  0.500  0.0  0.873  N    0  0.159  (314,181,522,381)
  89  0.010  0.000  0.803  0.996  0.582  0.903  0.500  0.0  0.836  N    0  0.089  (325,315,481,465)
  90  -0.010  0.325  0.880  0.721  0.190  0.831  0.500  0.0  0.926  N    0  0.122  (302,267,484,442)
  91  -0.016  0.353  0.932  0.717  0.223  1.000  0.500  0.0  0.926  N    0  0.159  (241,301,449,501)
  92  -0.039  0.253  0.943  0.683  0.221  0.902  0.500  0.0  0.927  N    0  0.122  (277,288,459,463)
  93  -0.044  0.159  0.829  0.777  0.299  0.869  0.500  0.0  0.841  N    0  0.089  (297,324,453,474)
  94  -0.044  0.502  0.904  0.519  0.156  1.000  0.500  0.0  0.917  N    0  0.159  (273,300,481,500)
  95  -0.051  0.054  0.798  0.918  0.384  1.000  0.500  0.0  0.908  N    0  0.122  (305,323,487,498)
  96  -0.053  0.110  0.922  0.732  0.213  0.768  0.500  0.0  0.853  N    0  0.089  (299,285,455,435)
  97  -0.086  0.172  0.701  0.672  0.484  1.000  0.500  0.0  0.896  N    0  0.122  (340,326,522,501)
  98  -0.096  0.281  0.908  0.586  0.154  1.000  0.500  0.0  0.917  N    0  0.159  (292,280,500,480)
  99  -0.129  0.084  0.822  0.697  0.234  1.000  0.500  0.0  0.915  N    0  0.122  (277,326,459,501)
 100  -0.147  0.174  0.503  0.501  0.277  0.413  0.550  0.0  0.890  N    0  0.122  (340,202,522,377)
