图片: A12
候选框数量: 100
权重: W_AES=0.29 W_CONTENT=0.2 W_THIRDS=0.22 W_CENTER=0.3 W_DEP=-0.25 W_CLIP_PEN=0.6 W_MISSING_PEN=-0.5

排名  final   aes    con    3rd    ctr    dep    pen    msg    rule   L  i    area   box
   1  0.840  0.997  0.912  0.920  0.835  0.517  0.000  0.0  0.967  Y    0  0.358  (54,210,304,585)
   2  0.823  1.000  0.939  0.971  0.773  0.417  0.057  0.0  0.952  Y    0  0.250  (58,273,267,586)
   3  0.811  0.929  0.908  0.933  0.826  0.564  0.000  0.0  0.976  Y    0  0.358  (54,173,304,548)
   4  0.805  0.967  0.908  0.799  0.921  0.546  0.000  0.0  0.948  Y    0  0.358  (18,232,268,607)
   5  0.802  0.945  0.938  0.712  0.976  0.465  0.000  0.0  0.955  Y    0  0.250  (43,241,252,554)
   6  0.795  0.966  0.918  0.794  0.925  0.602  0.000  0.0  0.967  Y    0  0.358  (18,157,268,532)
   7  0.795  0.888  0.934  0.904  0.831  0.565  0.000  0.0  0.947  Y    0  0.250  (7,219,216,532)
   8  0.794  0.944  0.904  0.989  0.718  0.657  0.000  0.0  0.957  Y    0  0.358  (54,248,304,623)
   9  0.788  0.845  0.935  0.798  0.924  0.450  0.000  0.0  0.949  Y    0  0.250  (39,256,248,569)
  10  0.785  0.899  0.917  0.853  0.905  0.611  0.000  0.0  0.959  Y    0  0.358  (0,162,250,537)
  11  0.775  0.845  0.933  0.980  0.721  0.604  0.000  0.0  0.951  Y    0  0.250  (2,193,211,506)
  12  0.772  0.993  0.920  0.978  0.511  0.654  0.000  0.0  0.960  N    0  0.250  (0,155,209,468)
  13  0.761  0.881  0.921  0.970  0.506  0.496  0.000  0.0  0.964  Y    0  0.250  (90,274,299,587)
  14  0.747  0.778  0.941  0.798  0.924  0.559  0.000  0.0  0.965  Y    0  0.250  (39,194,248,507)
  15  0.745  0.820  0.918  0.735  0.959  0.553  0.000  0.0  0.950  Y    0  0.358  (0,194,250,569)
  16  0.744  0.962  0.922  0.772  0.603  0.513  0.000  0.0  0.978  Y    0  0.250  (91,222,300,535)
  17  0.738  0.927  0.919  0.545  1.000  0.521  0.000  0.0  0.957  Y    0  0.358  (18,194,268,569)
  18  0.731  0.647  0.955  0.976  0.755  0.546  0.000  0.0  0.974  N    0  0.160  (82,224,249,474)
  19  0.710  0.988  0.898  0.796  0.500  0.659  0.000  0.0  0.958  N    0  0.358  (0,87,250,462)
  20  0.702  0.540  0.959  0.913  0.851  0.512  0.000  0.0  0.968  N    0  0.122  (84,249,230,468)
  21  0.701  0.573  0.962  0.887  0.830  0.518  0.000  0.0  0.947  Y    0  0.160  (34,257,201,507)
  22  0.698  0.544  0.950  0.933  0.836  0.550  0.000  0.0  0.960  N    0  0.160  (46,225,213,475)
  23  0.696  0.765  0.941  0.552  1.000  0.496  0.000  0.0  0.957  Y    0  0.250  (39,225,248,538)
  24  0.695  0.645  0.954  0.930  0.657  0.565  0.000  0.0  0.949  N    0  0.160  (24,235,191,485)
  25  0.691  0.401  0.954  0.983  0.688  0.265  0.000  0.0  0.953  Y    0  0.160  (79,302,246,552)
  26  0.683  0.483  0.964  0.887  0.830  0.455  0.000  0.0  0.967  Y    0  0.160  (85,257,252,507)
  27  0.681  0.811  0.941  0.960  0.731  0.548  0.117  0.0  0.943  N    1  0.250  (206,84,415,397)
  28  0.673  0.649  0.956  0.832  0.667  0.544  0.000  0.0  0.942  N    0  0.160  (22,260,189,510)
  29  0.667  0.757  0.897  0.901  0.518  0.668  0.000  0.0  0.978  N    0  0.358  (46,95,296,470)
  30  0.646  0.423  0.959  0.903  0.659  0.401  0.000  0.0  0.967  Y    0  0.160  (96,273,263,523)
  31  0.645  0.378  0.964  0.795  0.941  0.444  0.000  0.0  0.949  Y    0  0.160  (48,270,215,520)
  32  0.641  0.882  0.882  0.724  0.306  0.514  0.000  0.0  0.967  Y    0  0.250  (117,254,326,567)
  33  0.638  0.814  0.917  0.767  0.530  0.667  0.018  0.0  0.965  N    3  0.250  (27,137,236,450)
  34  0.634  0.441  0.947  0.993  0.594  0.567  0.000  0.0  0.980  N    0  0.160  (93,217,260,467)
  35  0.621  0.766  0.892  0.698  0.425  0.506  0.000  0.0  0.978  Y    0  0.250  (106,241,315,554)
  36  0.618  0.779  0.940  0.877  0.885  0.459  0.210  0.0  0.964  Y    0  0.250  (63,237,272,550)
  37  0.616  0.939  0.920  0.921  0.564  0.551  0.193  0.0  0.947  Y    0  0.250  (62,301,271,614)
  38  0.612  0.739  0.903  0.853  0.312  0.658  0.000  0.0  1.000  N    0  0.250  (104,157,313,470)
  39  0.608  0.328  0.936  0.947  0.511  0.331  0.000  0.0  0.965  Y    0  0.160  (102,291,269,541)
  40  0.607  0.731  0.939  0.899  0.393  0.602  0.062  0.0  0.956  N    3  0.160  (17,196,184,446)
  41  0.590  0.414  0.963  0.887  0.881  0.514  0.090  0.0  0.959  N    0  0.122  (59,250,205,469)
  42  0.589  0.339  0.937  0.981  0.548  0.551  0.000  0.0  0.979  N    0  0.122  (103,238,249,457)
  43  0.583  0.370  0.899  0.961  0.470  0.261  0.053  0.0  0.951  Y    0  0.122  (105,317,251,536)
  44  0.579  0.525  0.948  0.855  0.391  0.585  0.000  0.0  0.945  N    0  0.160  (6,226,173,476)
  45  0.577  0.873  0.903  0.920  0.376  0.658  0.141  0.0  0.952  N    3  0.250  (0,124,209,437)
  46  0.576  0.514  0.960  0.797  0.926  0.524  0.123  0.0  0.964  N    0  0.160  (60,232,227,482)
  47  0.573  0.338  0.941  0.829  0.467  0.312  0.000  0.0  0.969  Y    0  0.122  (113,292,259,511)
  48  0.569  0.454  0.944  0.872  0.414  0.561  0.000  0.0  0.947  N    0  0.122  (25,245,171,464)
  49  0.565  0.450  0.937  0.735  0.499  0.434  0.000  0.0  0.973  Y    0  0.160  (108,269,275,519)
  50  0.556  0.352  0.969  0.805  0.920  0.361  0.123  0.0  0.951  Y    0  0.160  (60,282,227,532)
  51  0.522  0.521  0.931  0.860  0.611  0.622  0.114  0.0  0.970  N    3  0.160  (49,190,216,440)
  52  0.515  0.397  0.923  0.837  0.246  0.504  0.000  0.0  0.970  N    1  0.160  (201,182,368,432)
  53  0.507  0.436  0.969  0.556  1.000  0.458  0.123  0.0  0.957  Y    0  0.160  (60,257,227,507)
  54  0.502  0.541  0.944  0.874  0.301  0.583  0.091  0.0  0.946  N    3  0.160  (0,212,167,462)
  55  0.462  0.776  0.877  0.774  0.298  0.736  0.150  0.0  0.957  Y    0  0.250  (96,311,305,624)
  56  0.457  0.310  0.908  0.735  0.204  0.444  0.000  0.0  0.944  N    1  0.160  (201,83,368,333)
  57  0.455  0.409  0.927  0.970  0.663  0.595  0.212  0.0  0.959  N    1  0.250  (203,144,412,457)
  58  0.442  0.214  0.949  0.735  0.304  0.503  0.000  0.0  0.942  N    1  0.160  (251,148,418,398)
  59  0.439  0.937  0.941  0.997  0.654  0.441  0.500  0.0  0.959  Y    0  0.250  (75,272,284,585)
  60  0.438  0.381  0.944  0.959  0.580  0.596  0.202  0.0  0.966  N    3  0.122  (51,211,197,430)
  61  0.434  0.370  0.917  0.636  0.269  0.597  0.000  0.0  0.958  N    1  0.250  (209,163,418,476)
  62  0.429  0.323  0.926  0.601  0.298  0.522  0.000  0.0  0.949  N    1  0.160  (200,152,367,402)
  63  0.417  0.238  0.924  0.602  0.331  0.466  0.000  0.0  0.944  N    1  0.122  (221,164,367,383)
  64  0.407  0.865  0.940  0.882  0.834  0.485  0.500  0.0  0.969  Y    0  0.250  (70,225,279,538)
  65  0.382  0.759  0.938  0.944  0.767  0.461  0.500  0.0  0.967  Y    0  0.250  (75,241,284,554)
  66  0.376  0.390  0.946  0.886  0.372  0.586  0.211  0.0  0.958  N    3  0.122  (31,210,177,429)
  67  0.376  0.774  0.940  0.941  0.769  0.523  0.500  0.0  0.975  Y    0  0.250  (75,210,284,523)
  68  0.375  0.195  0.883  0.835  0.251  0.531  0.079  0.0  0.945  N    1  0.160  (249,217,416,467)
  69  0.374  0.767  0.939  0.978  0.759  0.572  0.500  0.0  0.957  Y    0  0.250  (69,189,278,502)
  70  0.369  0.136  0.926  0.585  0.325  0.519  0.000  0.0  0.950  N    1  0.160  (251,181,418,431)
  71  0.344  0.000  0.916  0.617  0.361  0.489  0.000  0.0  0.946  N    1  0.122  (272,196,418,415)
  72  0.341  0.465  0.930  0.759  0.243  0.597  0.201  0.0  0.952  N    3  0.160  (1,187,168,437)
  73  0.338  0.939  0.900  0.940  0.449  0.653  0.500  0.0  0.944  Y    0  0.250  (70,313,279,626)
  74  0.297  0.782  0.899  0.967  0.468  0.658  0.500  0.0  0.998  Y    0  0.358  (83,132,333,507)
  75  0.263  0.334  0.978  0.864  0.901  0.407  0.500  0.0  0.961  Y    0  0.160  (77,268,244,518)
  76  0.263  0.858  0.903  0.840  0.285  0.597  0.500  0.0  0.947  N    1  0.358  (139,0,389,375)
  77  0.248  0.816  0.896  0.708  0.489  0.590  0.500  0.0  0.975  Y    0  0.358  (92,210,342,585)
  78  0.241  0.393  0.995  0.651  0.990  0.399  0.500  0.0  0.959  N    0  0.122  (75,274,221,493)
  79  0.224  0.656  0.900  0.643  0.384  0.670  0.396  0.0  0.956  N    3  0.250  (30,95,239,408)
  80  0.222  0.777  0.890  0.823  0.333  0.683  0.500  0.0  0.992  N    0  0.358  (83,95,333,470)
  81  0.218  0.293  0.936  0.907  0.766  0.467  0.500  0.0  0.946  N    1  0.122  (249,160,395,379)
  82  0.216  0.569  0.928  0.794  0.563  0.574  0.500  0.0  0.951  N    1  0.250  (189,93,398,406)
  83  0.189  0.536  0.921  0.875  0.313  0.532  0.500  0.0  0.946  N    1  0.250  (175,49,384,362)
  84  0.187  0.431  0.936  0.828  0.502  0.489  0.500  0.0  0.947  N    1  0.160  (218,119,385,369)
  85  0.181  0.229  0.920  0.992  0.563  0.470  0.500  0.0  0.955  N    1  0.122  (246,194,392,413)
  86  0.173  0.543  0.911  0.893  0.323  0.660  0.500  0.0  0.952  N    3  0.160  (32,141,199,391)
  87  0.157  0.463  0.904  0.889  0.339  0.606  0.500  0.0  0.968  N    1  0.250  (179,170,388,483)
  88  0.155  0.151  0.942  0.894  0.727  0.508  0.500  0.0  0.949  N    1  0.160  (232,147,399,397)
  89  0.153  0.310  0.922  0.921  0.419  0.509  0.500  0.0  0.961  N    1  0.160  (224,195,391,445)
  90  0.117  0.441  0.923  0.699  0.342  0.502  0.500  0.0  0.953  N    1  0.160  (205,122,372,372)
  91  0.116  0.463  0.924  0.633  0.192  0.606  0.426  0.0  0.945  N    3  0.160  (0,162,167,412)
  92  0.098  0.528  0.909  0.612  0.353  0.617  0.500  0.0  0.966  N    1  0.250  (169,120,378,433)
  93  0.094  0.342  0.925  0.617  0.454  0.692  0.440  0.0  0.954  N    3  0.160  (57,153,224,403)
  94  0.074  0.441  0.901  0.735  0.188  0.615  0.500  0.0  0.975  N    1  0.250  (159,174,368,487)
  95  0.073  0.314  0.898  0.843  0.256  0.635  0.500  0.0  0.947  N    3  0.160  (31,122,198,372)
  96  0.057  0.354  0.942  0.696  0.194  0.544  0.500  0.0  0.949  N    3  0.122  (5,200,151,419)
  97  0.050  0.162  0.892  0.837  0.298  0.519  0.500  0.0  0.953  N    1  0.160  (228,220,395,470)
  98  0.045  0.520  0.878  0.628  0.157  0.690  0.500  0.0  0.978  N    1  0.358  (121,95,371,470)
  99  0.023  0.369  0.924  0.618  0.195  0.611  0.500  0.0  0.948  N    3  0.122  (25,165,171,384)
 100  -0.002  0.288  0.895  0.611  0.281  0.648  0.500  0.0  0.952  N    3  0.160  (50,113,217,363)
