图片: A13
候选框数量: 100
权重: W_AES=0.29 W_CONTENT=0.2 W_THIRDS=0.22 W_CENTER=0.3 W_DEP=-0.25 W_CLIP_PEN=0.6 W_MISSING_PEN=-0.5

排名  final   aes    con    3rd    ctr    dep    pen    msg    rule   L  i    area   box
   1  0.777  0.766  0.690  0.965  0.781  0.222  0.000  0.0  0.755  N    0  0.250  (4,131,225,427)
   2  0.751  0.685  0.715  0.925  0.846  0.247  0.000  0.0  0.820  N    0  0.250  (37,140,258,436)
   3  0.734  0.678  0.808  0.812  0.934  0.343  0.000  0.0  0.965  N    0  0.250  (40,166,261,462)
   4  0.722  0.655  0.759  0.799  0.924  0.278  0.000  0.0  0.862  N    0  0.250  (22,148,243,444)
   5  0.721  0.647  0.826  0.885  0.832  0.388  0.000  0.0  0.972  N    0  0.250  (55,178,276,474)
   6  0.716  0.639  0.819  0.774  0.950  0.333  0.000  0.0  0.932  N    0  0.250  (8,162,229,458)
   7  0.716  0.511  0.890  0.929  0.791  0.274  0.000  0.0  0.959  N    0  0.122  (81,228,235,435)
   8  0.711  0.515  0.911  0.880  0.840  0.304  0.000  0.0  0.945  N    0  0.159  (18,208,194,444)
   9  0.707  0.690  0.779  0.879  0.837  0.489  0.000  0.0  0.974  N    0  0.360  (39,148,304,503)
  10  0.706  0.622  0.874  0.966  0.717  0.496  0.000  0.0  0.967  N    0  0.250  (62,204,283,500)
  11  0.705  0.541  0.894  0.816  0.929  0.348  0.000  0.0  0.961  N    0  0.159  (57,222,233,458)
  12  0.703  0.707  0.788  0.707  0.972  0.407  0.000  0.0  0.966  N    0  0.360  (0,127,265,482)
  13  0.701  0.589  0.877  0.794  0.927  0.398  0.000  0.0  0.952  N    0  0.250  (0,178,221,474)
  14  0.701  0.522  0.850  0.792  0.945  0.266  0.000  0.0  0.881  N    0  0.159  (31,198,207,434)
  15  0.698  0.472  0.854  0.883  0.832  0.227  0.000  0.0  0.767  N    0  0.089  (86,237,218,414)
  16  0.698  0.575  0.917  0.839  0.692  0.268  0.000  0.0  0.898  N    0  0.122  (22,223,176,430)
  17  0.692  0.556  0.876  0.834  0.922  0.449  0.000  0.0  0.963  N    0  0.250  (41,192,262,488)
  18  0.692  0.585  0.899  0.770  0.952  0.455  0.000  0.0  0.951  N    0  0.250  (8,192,229,488)
  19  0.677  0.517  0.921  0.945  0.810  0.581  0.000  0.0  0.943  N    0  0.250  (8,222,229,518)
  20  0.676  0.388  0.886  0.883  0.832  0.232  0.000  0.0  0.752  N    0  0.089  (46,237,178,414)
  21  0.675  0.529  0.854  0.857  0.715  0.296  0.000  0.0  0.972  N    0  0.159  (80,209,256,445)
  22  0.674  0.708  0.832  0.663  0.986  0.561  0.000  0.0  0.956  N    0  0.360  (0,163,265,518)
  23  0.674  0.553  0.899  0.799  0.924  0.516  0.000  0.0  0.952  N    0  0.250  (22,207,243,503)
  24  0.672  0.428  0.704  0.926  0.839  0.207  0.000  0.0  0.777  N    0  0.159  (61,181,237,417)
  25  0.671  0.434  0.926  0.754  0.958  0.309  0.000  0.0  0.955  N    0  0.122  (53,237,207,444)
  26  0.668  0.576  0.808  0.850  0.910  0.557  0.000  0.0  0.965  N    0  0.360  (26,163,291,518)
  27  0.667  0.611  0.918  0.776  0.606  0.314  0.000  0.0  0.943  N    0  0.159  (0,210,176,446)
  28  0.662  0.397  0.681  0.964  0.789  0.190  0.000  0.0  0.708  N    0  0.159  (28,173,204,409)
  29  0.661  0.437  0.910  0.796  0.924  0.385  0.000  0.0  0.953  N    0  0.159  (44,231,220,467)
  30  0.660  0.395  0.912  0.816  0.929  0.353  0.000  0.0  0.951  N    0  0.159  (31,222,207,458)
  31  0.660  0.574  0.893  0.551  1.000  0.299  0.000  0.0  0.954  N    0  0.159  (44,208,220,444)
  32  0.648  0.412  0.735  0.796  0.924  0.219  0.000  0.0  0.791  N    0  0.159  (44,184,220,420)
  33  0.648  0.605  0.866  0.553  1.000  0.394  0.000  0.0  0.960  N    0  0.250  (22,178,243,474)
  34  0.647  0.603  0.906  0.870  0.853  0.809  0.000  0.0  0.946  N    0  0.360  (0,198,265,553)
  35  0.637  0.425  0.674  0.990  0.591  0.188  0.005  0.0  0.686  N    0  0.159  (8,171,184,407)
  36  0.627  0.370  0.948  0.884  0.883  0.272  0.075  0.0  0.870  N    2  0.089  (53,252,185,429)
  37  0.626  0.449  0.874  0.545  1.000  0.230  0.000  0.0  0.760  N    0  0.089  (66,237,198,414)
  38  0.625  0.412  0.935  0.803  0.939  0.269  0.075  0.0  0.877  N    2  0.089  (72,252,204,429)
  39  0.625  0.293  0.720  0.857  0.906  0.198  0.000  0.0  0.742  N    0  0.122  (62,201,216,408)
  40  0.618  0.440  0.963  0.892  0.879  0.305  0.114  0.0  0.855  N    2  0.089  (57,263,189,440)
  41  0.610  0.486  0.937  0.948  0.701  0.487  0.073  0.0  0.941  N    2  0.159  (58,258,234,494)
  42  0.609  0.276  0.655  0.997  0.685  0.186  0.000  0.0  0.731  N    0  0.159  (73,174,249,410)
  43  0.599  0.557  0.596  0.902  0.350  0.180  0.000  0.0  0.733  N    0  0.250  (90,122,311,418)
  44  0.590  0.268  0.722  0.975  0.657  0.194  0.020  0.0  0.697  N    0  0.122  (25,197,179,404)
  45  0.576  0.464  0.946  0.988  0.731  0.322  0.170  0.0  0.813  N    2  0.089  (86,270,218,447)
  46  0.575  0.420  0.937  0.966  0.774  0.446  0.125  0.0  0.945  N    0  0.159  (31,246,207,482)
  47  0.575  0.408  0.957  0.853  0.579  0.276  0.075  0.0  0.863  N    2  0.089  (33,252,165,429)
  48  0.566  0.364  0.578  0.935  0.452  0.157  0.000  0.0  0.667  N    0  0.250  (71,112,292,408)
  49  0.551  0.365  0.916  0.999  0.621  0.458  0.100  0.0  0.955  N    2  0.159  (73,251,249,487)
  50  0.547  0.446  0.957  0.987  0.533  0.458  0.125  0.0  0.935  N    0  0.159  (5,248,181,484)
  51  0.544  0.529  0.782  0.658  0.495  0.391  0.000  0.0  0.983  N    0  0.250  (87,180,308,476)
  52  0.538  0.616  0.795  0.677  0.334  0.459  0.000  0.0  0.984  N    0  0.250  (102,197,323,493)
  53  0.524  0.554  0.876  0.879  0.340  0.422  0.100  0.0  0.972  N    0  0.159  (103,243,279,479)
  54  0.517  0.471  0.671  0.794  0.362  0.205  0.044  0.0  0.789  N    0  0.159  (105,183,281,419)
  55  0.506  0.076  0.982  0.608  0.996  0.443  0.000  0.0  0.407  Y   -1  0.040  (0,435,88,553)
  56  0.494  0.234  0.366  0.921  0.395  0.000  0.000  0.0  0.054  Y   -1  0.250  (221,30,442,326)
  57  0.487  0.390  0.957  0.882  0.753  0.438  0.195  0.0  0.863  N    2  0.122  (56,273,210,480)
  58  0.487  0.452  0.941  0.996  0.586  0.445  0.219  0.0  0.857  N    2  0.122  (81,276,235,483)
  59  0.482  0.478  0.946  0.915  0.612  0.718  0.150  0.0  0.934  N    0  0.250  (0,245,221,541)
  60  0.478  0.294  0.699  0.761  0.587  0.506  0.000  0.0  0.557  Y   -1  0.250  (179,212,400,508)
  61  0.473  0.365  0.970  0.993  0.574  0.447  0.203  0.0  0.848  N    2  0.122  (27,274,181,481)
  62  0.468  0.771  0.914  0.562  0.262  1.000  0.000  0.0  0.953  N    0  0.360  (48,237,313,592)
  63  0.466  0.000  0.390  0.865  0.716  0.000  0.000  0.0  0.068  Y   -1  0.250  (179,51,400,347)
  64  0.465  0.393  0.977  0.907  0.863  0.288  0.300  0.0  0.653  N    2  0.062  (86,286,196,434)
  65  0.465  0.101  0.797  0.793  0.533  0.207  0.030  0.0  0.637  N    2  0.089  (30,225,162,402)
  66  0.461  0.250  0.720  0.746  0.580  0.510  0.000  0.0  0.544  Y   -1  0.250  (218,216,439,512)
  67  0.451  0.805  0.896  0.473  0.273  1.000  0.000  0.0  0.968  N    0  0.360  (88,237,353,592)
  68  0.438  0.405  0.921  0.845  0.655  0.733  0.150  0.0  0.944  N    0  0.250  (28,245,249,541)
  69  0.434  0.369  0.960  0.893  0.630  0.553  0.203  0.0  0.849  N    2  0.159  (31,274,207,510)
  70  0.432  0.583  0.959  0.982  0.636  0.402  0.365  0.0  0.667  N    2  0.089  (84,294,216,471)
  71  0.416  0.377  0.951  0.838  0.648  0.554  0.211  0.0  0.851  N    2  0.159  (49,275,225,511)
  72  0.398  0.126  0.726  0.838  0.403  0.201  0.095  0.0  0.699  N    2  0.122  (4,199,158,406)
  73  0.398  0.316  0.926  0.955  0.465  0.906  0.122  0.0  0.930  N    2  0.250  (56,264,277,560)
  74  0.394  0.094  0.336  0.833  0.273  0.000  0.000  0.0  0.048  Y   -1  0.250  (221,8,442,304)
  75  0.368  0.195  0.999  0.977  0.668  0.300  0.325  0.0  0.623  N    2  0.062  (56,289,166,437)
  76  0.365  0.352  0.984  0.944  0.445  0.582  0.260  0.0  0.801  N    2  0.159  (8,281,184,517)
  77  0.365  0.501  0.899  0.799  0.266  0.545  0.211  0.0  0.864  N    2  0.159  (103,275,279,511)
  78  0.348  0.241  0.941  0.641  0.412  0.291  0.169  0.0  0.924  N    2  0.122  (0,229,154,436)
  79  0.340  0.096  0.414  0.673  0.173  0.026  0.000  0.0  0.112  Y   -1  0.250  (199,86,420,382)
  80  0.339  0.212  0.408  0.530  0.184  0.013  0.000  0.0  0.074  Y   -1  0.250  (212,80,433,376)
  81  0.330  0.142  0.457  0.581  0.219  0.106  0.000  0.0  0.275  Y   -1  0.250  (221,116,442,412)
  82  0.330  0.116  0.489  0.598  0.244  0.148  0.000  0.0  0.336  Y   -1  0.250  (187,126,408,422)
  83  0.325  0.243  0.985  0.888  0.429  0.333  0.299  0.0  0.764  N    2  0.089  (23,270,155,447)
  84  0.320  0.021  0.331  0.616  0.352  0.000  0.000  0.0  0.053  Y   -1  0.250  (185,5,406,301)
  85  0.309  0.458  0.946  0.959  0.444  0.641  0.357  0.0  0.747  N    2  0.159  (74,293,250,529)
  86  0.302  0.137  0.976  0.892  0.341  0.400  0.247  0.0  0.870  N    2  0.122  (0,260,154,467)
  87  0.298  1.000  0.942  0.543  0.278  1.000  0.317  0.0  0.779  N    2  0.250  (70,288,291,584)
  88  0.274  0.456  0.840  0.654  0.351  0.330  0.309  0.0  0.827  N    0  0.159  (111,220,287,456)
  89  0.246  0.371  0.963  0.964  0.470  0.540  0.438  0.0  0.680  N    2  0.122  (80,303,234,510)
  90  0.236  0.800  0.987  0.707  0.259  1.000  0.381  0.0  0.759  Y    2  0.250  (3,296,224,592)
  91  0.202  0.396  0.901  0.442  0.223  0.946  0.138  0.0  0.938  N    2  0.250  (91,266,312,562)
  92  0.194  0.703  0.973  0.671  0.274  1.000  0.381  0.0  0.766  Y    2  0.250  (23,296,244,592)
  93  0.178  0.650  0.927  0.489  0.277  1.000  0.300  0.0  0.798  N    2  0.250  (87,286,308,582)
  94  0.119  0.654  0.682  0.565  0.282  0.326  0.500  0.0  0.759  N    0  0.250  (115,166,336,462)
  95  0.089  0.402  0.838  0.732  0.318  0.305  0.550  0.0  0.652  N    0  0.122  (120,241,274,448)
  96  0.088  0.801  0.921  0.489  0.310  1.000  0.485  0.0  0.676  N    1  0.250  (110,296,331,592)
  97  0.074  0.143  0.996  0.772  0.274  0.333  0.500  0.0  0.617  N    2  0.089  (1,269,133,446)
  98  0.063  0.591  0.453  0.524  0.154  0.073  0.500  0.0  0.080  Y    0  0.360  (88,0,353,355)
  99  0.042  0.706  0.900  0.492  0.310  1.000  0.500  0.0  0.664  N    1  0.250  (143,296,364,592)
 100  -0.006  0.612  0.876  0.470  0.274  1.000  0.500  0.0  0.835  N    1  0.360  (127,237,392,592)
