图片: A14
候选框数量: 100
权重: W_AES=0.29 W_CONTENT=0.2 W_THIRDS=0.22 W_CENTER=0.3 W_DEP=-0.25 W_CLIP_PEN=0.6 W_MISSING_PEN=-0.5

排名  final   aes    con    3rd    ctr    dep    pen    msg    rule   L  i    area   box
   1  0.802  1.000  0.892  0.990  0.699  0.683  0.000  0.0  0.105  Y   -1  0.360  (68,41,444,291)
   2  0.782  0.920  0.887  0.947  0.806  0.687  0.000  0.0  0.035  Y   -1  0.249  (0,56,313,264)
   3  0.771  0.977  0.825  0.883  0.885  0.758  0.000  0.0  0.052  Y   -1  0.249  (12,91,325,299)
   4  0.768  0.926  0.898  0.987  0.549  0.584  0.000  0.0  0.110  Y   -1  0.360  (125,16,501,266)
   5  0.752  0.865  0.849  0.964  0.787  0.718  0.000  0.0  0.061  Y   -1  0.249  (81,69,394,277)
   6  0.746  0.854  0.890  0.910  0.796  0.695  0.000  0.0  0.048  Y   -1  0.249  (50,57,363,265)
   7  0.742  0.892  0.946  0.854  0.688  0.648  0.000  0.0  0.036  Y   -1  0.249  (43,30,356,238)
   8  0.739  0.855  0.954  0.882  0.651  0.613  0.000  0.0  0.022  Y   -1  0.249  (0,21,313,229)
   9  0.734  0.895  0.832  0.834  0.895  0.756  0.000  0.0  0.061  Y   -1  0.249  (47,91,360,299)
  10  0.733  0.816  0.841  0.995  0.700  0.688  0.000  0.0  0.065  Y   -1  0.249  (109,62,422,270)
  11  0.731  0.776  0.896  0.992  0.632  0.613  0.000  0.0  0.060  Y   -1  0.249  (128,34,441,242)
  12  0.729  0.794  0.852  0.999  0.666  0.652  0.000  0.0  0.065  Y   -1  0.249  (122,52,435,260)
  13  0.728  0.863  0.844  0.991  0.564  0.656  0.000  0.0  0.119  Y   -1  0.360  (125,41,501,291)
  14  0.720  0.768  0.916  0.939  0.699  0.662  0.000  0.0  0.050  Y   -1  0.249  (84,38,397,246)
  15  0.718  0.814  0.843  0.988  0.546  0.598  0.000  0.0  0.069  Y   -1  0.249  (156,41,469,249)
  16  0.717  0.818  0.791  0.978  0.759  0.761  0.000  0.0  0.083  Y   -1  0.249  (126,96,439,304)
  17  0.714  0.961  0.862  0.994  0.628  1.000  0.000  0.0  0.943  N    0  0.360  (28,167,404,417)
  18  0.712  0.848  0.788  0.981  0.567  0.646  0.000  0.0  0.077  Y   -1  0.249  (156,62,469,270)
  19  0.696  0.732  0.916  0.943  0.507  0.537  0.000  0.0  0.044  Y   -1  0.249  (120,0,433,208)
  20  0.687  0.800  0.944  0.797  0.549  0.549  0.000  0.0  0.016  Y   -1  0.249  (10,0,323,208)
  21  0.686  0.831  0.847  0.988  0.729  1.000  0.000  0.0  0.942  N    0  0.249  (77,203,390,411)
  22  0.685  0.809  0.764  0.959  0.616  0.706  0.000  0.0  0.085  Y   -1  0.249  (156,82,469,290)
  23  0.684  0.908  0.847  0.877  0.756  1.000  0.000  0.0  0.958  N    0  0.360  (85,167,461,417)
  24  0.676  0.845  0.832  0.974  0.692  1.000  0.000  0.0  0.968  N    0  0.360  (125,167,501,417)
  25  0.672  0.687  0.975  0.865  0.551  0.578  0.000  0.0  0.040  Y   -1  0.249  (93,7,406,215)
  26  0.671  0.911  0.854  0.981  0.512  1.000  0.000  0.0  0.935  N    0  0.249  (44,199,357,407)
  27  0.662  0.753  0.749  0.956  0.448  0.539  0.000  0.0  0.057  Y   -1  0.249  (192,32,505,240)
  28  0.651  0.735  0.819  0.962  0.781  1.000  0.000  0.0  0.960  N    0  0.249  (156,209,469,417)
  29  0.647  0.710  0.770  0.959  0.467  0.592  0.000  0.0  0.067  Y   -1  0.249  (184,52,497,260)
  30  0.644  0.701  0.839  0.960  0.786  1.000  0.000  0.0  0.954  N    0  0.159  (188,244,438,410)
  31  0.637  0.729  0.835  0.844  0.885  1.000  0.000  0.0  0.949  N    0  0.249  (116,209,429,417)
  32  0.636  0.720  0.657  0.899  0.378  0.357  0.000  0.0  0.037  Y   -1  0.249  (223,0,536,208)
  33  0.634  0.484  0.855  0.870  0.890  0.644  0.000  0.0  0.864  N    0  0.090  (164,265,352,390)
  34  0.634  0.643  0.775  0.926  0.431  0.461  0.000  0.0  0.046  Y   -1  0.249  (187,0,500,208)
  35  0.632  0.704  0.963  0.710  0.543  0.551  0.000  0.0  0.026  Y   -1  0.249  (46,0,359,208)
  36  0.629  0.868  0.809  0.955  0.451  1.000  0.000  0.0  0.954  N    0  0.360  (181,167,557,417)
  37  0.628  0.648  0.846  0.984  0.744  1.000  0.000  0.0  0.955  N    0  0.121  (197,249,416,394)
  38  0.627  0.748  0.710  0.931  0.410  0.603  0.000  0.0  0.105  Y   -1  0.360  (181,41,557,291)
  39  0.627  0.758  0.684  0.936  0.393  0.585  0.000  0.0  0.066  Y   -1  0.249  (203,62,516,270)
  40  0.623  0.804  0.831  0.883  0.617  1.000  0.000  0.0  0.961  N    0  0.249  (140,186,453,394)
  41  0.621  0.611  0.846  0.866  0.890  0.931  0.000  0.0  0.934  N    0  0.159  (119,251,369,417)
  42  0.619  0.653  0.855  0.998  0.600  0.945  0.000  0.0  0.941  N    0  0.159  (107,224,357,390)
  43  0.614  0.628  0.831  0.897  0.855  1.000  0.000  0.0  0.947  N    0  0.159  (141,233,391,399)
  44  0.610  0.526  0.855  0.997  0.685  0.851  0.000  0.0  0.925  N    0  0.121  (127,244,346,389)
  45  0.610  0.507  0.869  0.756  0.958  0.721  0.000  0.0  0.865  N    0  0.090  (190,282,378,407)
  46  0.606  0.430  0.882  0.965  0.775  0.771  0.000  0.0  0.864  N    0  0.090  (203,292,391,417)
  47  0.605  0.810  0.820  0.909  0.483  1.000  0.000  0.0  0.948  N    0  0.249  (203,209,516,417)
  48  0.604  0.687  0.746  0.891  0.519  0.707  0.000  0.0  0.082  Y   -1  0.249  (190,94,503,302)
  49  0.604  0.572  0.866  0.940  0.794  1.000  0.000  0.0  0.947  N    0  0.121  (200,272,419,417)
  50  0.602  0.762  0.824  0.956  0.476  1.000  0.000  0.0  0.918  N    0  0.249  (165,180,478,388)
  51  0.599  0.471  0.857  0.913  0.852  0.852  0.000  0.0  0.874  N    0  0.090  (197,263,385,388)
  52  0.597  0.700  0.833  0.977  0.512  1.000  0.000  0.0  0.962  N    0  0.159  (195,219,445,385)
  53  0.596  0.504  0.833  0.916  0.834  0.889  0.000  0.0  0.946  N    0  0.121  (156,245,375,390)
  54  0.594  0.490  0.872  0.879  0.841  0.859  0.000  0.0  0.872  N    0  0.090  (207,276,395,401)
  55  0.594  0.379  0.873  0.787  0.931  0.608  0.000  0.0  0.860  N    0  0.090  (179,288,367,413)
  56  0.592  0.759  0.855  0.842  0.573  1.000  0.000  0.0  0.919  N    0  0.249  (94,182,407,390)
  57  0.585  0.436  0.873  0.953  0.802  0.529  0.085  0.0  0.776  N    0  0.090  (151,289,339,414)
  58  0.584  0.577  0.858  0.910  0.790  0.752  0.071  0.0  0.864  N    0  0.121  (122,267,341,412)
  59  0.582  0.412  0.852  0.810  0.915  0.730  0.000  0.0  0.869  N    0  0.090  (179,263,367,388)
  60  0.580  0.286  0.868  0.873  0.895  0.609  0.000  0.0  0.798  N    0  0.062  (212,281,368,385)
  61  0.580  0.576  0.556  0.904  0.354  0.279  0.000  0.0  0.029  Y   -1  0.249  (256,0,569,208)
  62  0.572  0.713  0.834  0.938  0.416  1.000  0.000  0.0  0.940  N    0  0.159  (218,224,468,390)
  63  0.570  0.615  0.569  0.897  0.343  0.401  0.000  0.0  0.045  Y   -1  0.249  (236,30,549,238)
  64  0.567  0.582  0.882  0.913  0.714  0.921  0.045  0.0  0.855  N    0  0.090  (219,282,407,407)
  65  0.561  0.440  0.862  0.850  0.886  0.577  0.085  0.0  0.781  N    0  0.090  (151,276,339,401)
  66  0.549  0.493  0.831  0.766  0.953  1.000  0.000  0.0  0.946  N    0  0.159  (152,243,402,409)
  67  0.549  0.450  0.855  0.668  0.987  0.824  0.000  0.0  0.938  N    0  0.121  (166,272,385,417)
  68  0.542  0.525  0.872  0.921  0.709  0.955  0.045  0.0  0.860  N    0  0.090  (219,269,407,394)
  69  0.533  0.653  0.506  0.850  0.297  0.479  0.000  0.0  0.063  Y   -1  0.249  (255,89,568,297)
  70  0.521  0.836  0.882  0.800  0.309  1.000  0.052  0.0  0.841  N    0  0.249  (32,176,345,384)
  71  0.518  0.357  0.862  0.552  1.000  0.659  0.000  0.0  0.864  N    0  0.090  (179,276,367,401)
  72  0.513  0.557  0.383  0.759  0.351  0.183  0.000  0.0  0.019  Y   -1  0.249  (305,8,618,216)
  73  0.500  0.606  0.849  0.847  0.674  0.914  0.098  0.0  0.837  N    0  0.159  (87,251,337,417)
  74  0.498  0.683  0.860  0.888  0.406  0.913  0.089  0.0  0.733  N    0  0.159  (115,202,365,368)
  75  0.489  0.295  0.894  0.959  0.581  0.524  0.106  0.0  0.695  N    0  0.062  (217,312,373,416)
  76  0.476  0.586  0.379  0.780  0.217  0.337  0.000  0.0  0.043  Y   -1  0.249  (273,49,586,257)
  77  0.475  0.234  0.869  0.785  0.946  0.463  0.126  0.0  0.688  N    0  0.062  (178,280,334,384)
  78  0.470  0.666  0.833  0.701  0.505  0.977  0.049  0.0  0.839  N    0  0.159  (141,206,391,372)
  79  0.467  0.780  0.816  0.666  0.225  1.000  0.010  0.0  0.834  N    0  0.249  (215,172,528,380)
  80  0.450  0.465  0.315  0.793  0.226  0.221  0.000  0.0  0.026  Y   -1  0.249  (305,26,618,234)
  81  0.443  0.140  0.882  0.793  0.928  0.411  0.142  0.0  0.624  N    0  0.040  (229,297,354,380)
  82  0.437  0.519  0.890  0.924  0.574  0.974  0.145  0.0  0.735  N    0  0.090  (231,290,419,415)
  83  0.425  0.651  0.834  0.876  0.347  1.000  0.123  0.0  0.745  N    0  0.121  (213,221,432,366)
  84  0.421  0.463  0.274  0.764  0.189  0.245  0.000  0.0  0.056  Y   -1  0.249  (314,98,627,306)
  85  0.418  0.618  0.846  0.701  0.511  1.000  0.095  0.0  0.857  N    0  0.159  (225,251,475,417)
  86  0.413  0.820  0.869  0.787  0.279  1.000  0.168  0.0  0.738  N    0  0.249  (10,181,323,389)
  87  0.413  0.692  0.857  0.937  0.404  0.948  0.210  0.0  0.741  N    0  0.159  (65,225,315,391)
  88  0.411  0.846  0.847  0.852  0.361  1.000  0.219  0.0  0.722  N    0  0.249  (0,207,313,415)
  89  0.407  0.400  0.831  0.881  0.541  0.778  0.140  0.0  0.687  N    0  0.090  (160,240,348,365)
  90  0.403  0.014  0.863  0.692  0.981  0.341  0.127  0.0  0.633  N    0  0.040  (210,297,335,380)
  91  0.403  0.400  0.872  0.914  0.623  0.625  0.224  0.0  0.644  N    0  0.090  (124,287,312,412)
  92  0.391  0.089  0.891  0.891  0.869  0.368  0.223  0.0  0.629  N    0  0.040  (228,305,353,388)
  93  0.378  0.373  0.218  0.749  0.166  0.212  0.000  0.0  0.035  Y   -1  0.249  (309,53,622,261)
  94  0.376  0.000  0.874  0.872  0.894  0.297  0.216  0.0  0.630  N    0  0.040  (210,305,335,388)
  95  0.365  0.363  0.832  0.865  0.528  0.919  0.137  0.0  0.686  N    0  0.090  (197,239,385,364)
  96  0.343  0.756  0.805  0.807  0.322  1.000  0.232  0.0  0.729  N    0  0.249  (239,209,552,417)
  97  0.331  0.625  0.828  0.724  0.262  1.000  0.153  0.0  0.713  N    0  0.159  (225,205,475,371)
  98  0.318  0.651  0.840  0.875  0.426  1.000  0.280  0.0  0.694  N    0  0.121  (243,248,462,393)
  99  0.313  0.626  0.856  0.916  0.358  0.864  0.311  0.0  0.645  N    0  0.121  (78,242,297,387)
 100  0.206  0.665  0.849  0.601  0.453  1.000  0.335  0.0  0.636  N    0  0.121  (248,266,467,411)
