图片: A15
候选框数量: 100
权重: W_AES=0.29 W_CONTENT=0.2 W_THIRDS=0.22 W_CENTER=0.3 W_DEP=-0.25 W_CLIP_PEN=0.6 W_MISSING_PEN=-0.5

排名  final   aes    con    3rd    ctr    dep    pen    msg    rule   L  i    area   box
   1  0.760  0.922  0.997  0.640  0.990  0.369  0.000  0.0  0.955  N    0  0.250  (90,18,328,293)
   2  0.744  0.903  1.000  0.550  1.000  0.382  0.000  0.0  0.958  N    0  0.250  (90,28,328,303)
   3  0.737  0.881  1.000  0.756  0.950  0.384  0.000  0.0  0.952  N    0  0.250  (71,28,309,303)
   4  0.731  0.891  1.000  0.856  0.892  0.370  0.000  0.0  0.966  N    0  0.250  (118,22,356,297)
   5  0.730  0.910  1.000  0.715  0.968  0.410  0.008  0.0  0.964  N    0  0.250  (90,46,328,321)
   6  0.721  1.000  0.940  0.797  0.923  0.432  0.000  0.0  0.968  N    0  0.359  (95,0,380,330)
   7  0.714  0.902  0.933  0.794  0.944  0.356  0.049  0.0  0.816  N    0  0.250  (82,0,320,275)
   8  0.713  0.816  0.959  0.820  0.927  0.363  0.012  0.0  0.947  N    0  0.250  (72,9,310,284)
   9  0.708  0.877  0.934  0.750  0.952  0.355  0.049  0.0  0.819  N    0  0.250  (90,0,328,275)
  10  0.706  0.902  0.945  0.550  1.000  0.436  0.000  0.0  0.958  N    0  0.359  (67,0,352,330)
  11  0.705  0.883  0.946  0.683  0.980  0.438  0.000  0.0  0.953  N    0  0.359  (52,0,337,330)
  12  0.701  0.860  0.993  0.921  0.825  0.364  0.000  0.0  0.963  N    0  0.250  (126,18,364,293)
  13  0.699  0.876  1.000  0.884  0.833  0.377  0.000  0.0  0.966  N    0  0.250  (126,28,364,303)
  14  0.698  0.833  0.933  0.809  0.936  0.353  0.049  0.0  0.822  N    0  0.250  (101,0,339,275)
  15  0.698  0.765  1.000  0.829  0.924  0.401  0.000  0.0  0.969  N    0  0.250  (110,42,348,317)
  16  0.697  0.920  1.000  0.754  0.950  0.427  0.045  0.0  0.846  N    0  0.250  (90,55,328,330)
  17  0.696  0.860  0.994  0.921  0.825  0.374  0.000  0.0  0.943  N    0  0.250  (54,18,292,293)
  18  0.695  0.896  1.000  0.558  1.000  0.361  0.099  0.0  0.699  N    0  0.160  (114,68,304,288)
  19  0.694  0.892  1.000  0.551  1.000  0.364  0.095  0.0  0.706  N    0  0.160  (114,55,304,275)
  20  0.691  0.953  0.967  0.739  0.959  0.501  0.000  0.0  0.965  N    0  0.359  (67,24,352,354)
  21  0.690  0.857  1.000  0.884  0.833  0.386  0.000  0.0  0.946  N    0  0.250  (54,28,292,303)
  22  0.683  0.987  0.945  0.879  0.837  0.442  0.000  0.0  0.944  N    0  0.359  (24,0,309,330)
  23  0.677  0.902  1.000  0.614  0.995  0.363  0.136  0.0  0.603  N    0  0.160  (114,77,304,297)
  24  0.676  0.939  0.939  0.879  0.837  0.430  0.000  0.0  0.963  N    0  0.359  (109,0,394,330)
  25  0.674  0.840  0.933  0.919  0.852  0.351  0.049  0.0  0.828  N    0  0.250  (118,0,356,275)
  26  0.672  0.829  1.000  0.595  0.998  0.370  0.107  0.0  0.668  N    0  0.160  (111,41,301,261)
  27  0.670  0.957  0.971  0.799  0.923  0.527  0.000  0.0  0.968  N    0  0.359  (67,33,352,363)
  28  0.664  0.837  1.000  0.615  0.996  0.362  0.132  0.0  0.613  N    0  0.160  (113,76,303,296)
  29  0.653  0.724  1.000  0.551  1.000  0.368  0.095  0.0  0.703  N    0  0.160  (114,46,304,266)
  30  0.648  0.812  1.000  0.608  0.996  0.372  0.140  0.0  0.579  N    0  0.160  (114,33,304,253)
  31  0.635  0.864  1.000  0.872  0.710  0.383  0.000  0.0  0.963  N    0  0.250  (139,33,377,308)
  32  0.634  0.805  1.000  0.880  0.840  0.368  0.095  0.0  0.696  N    0  0.160  (86,55,276,275)
  33  0.631  0.831  0.932  0.967  0.751  0.349  0.049  0.0  0.824  N    0  0.250  (131,0,369,275)
  34  0.629  0.824  1.000  0.663  0.985  0.374  0.177  0.0  0.477  N    0  0.160  (114,24,304,244)
  35  0.624  0.782  1.000  0.881  0.859  0.365  0.119  0.0  0.637  N    0  0.160  (88,73,278,293)
  36  0.621  0.741  1.000  0.880  0.840  0.364  0.095  0.0  0.690  N    2  0.160  (142,44,332,264)
  37  0.618  0.747  1.000  0.880  0.840  0.371  0.095  0.0  0.694  N    0  0.160  (86,46,276,266)
  38  0.618  0.853  1.000  0.565  1.000  0.362  0.210  0.0  0.400  N    0  0.122  (125,74,291,266)
  39  0.611  0.770  1.000  0.675  0.982  0.375  0.185  0.0  0.455  N    0  0.160  (114,22,304,242)
  40  0.609  0.699  1.000  0.887  0.830  0.359  0.095  0.0  0.698  N    2  0.160  (143,55,333,275)
  41  0.605  0.688  1.000  0.887  0.830  0.363  0.095  0.0  0.693  N    2  0.160  (143,46,333,266)
  42  0.574  0.862  0.986  0.892  0.872  0.481  0.144  0.0  0.593  N    0  0.250  (100,79,338,354)
  43  0.572  0.783  1.000  0.929  0.825  0.370  0.185  0.0  0.398  N    0  0.160  (142,22,332,242)
  44  0.564  0.956  0.930  0.767  0.613  0.426  0.000  0.0  0.954  N    0  0.359  (137,0,422,330)
  45  0.560  0.683  1.000  0.886  0.750  0.355  0.111  0.0  0.617  N    2  0.160  (150,71,340,291)
  46  0.556  0.784  1.000  0.892  0.735  0.365  0.140  0.0  0.490  N    2  0.160  (151,33,341,253)
  47  0.552  0.790  1.000  0.915  0.756  0.378  0.156  0.0  0.522  N    0  0.160  (79,29,269,249)
  48  0.540  0.809  0.985  0.964  0.783  0.476  0.128  0.0  0.621  N    0  0.250  (59,75,297,350)
  49  0.535  0.787  0.943  0.839  0.580  0.367  0.025  0.0  0.866  N    0  0.250  (30,6,268,281)
  50  0.527  0.658  1.000  0.942  0.816  0.376  0.202  0.0  0.374  N    0  0.160  (142,93,332,313)
  51  0.506  0.807  0.917  0.831  0.539  0.343  0.058  0.0  0.774  N    2  0.250  (154,0,392,275)
  52  0.472  0.763  1.000  0.807  0.540  0.424  0.055  0.0  0.795  N    0  0.250  (24,49,262,324)
  53  0.465  0.720  0.996  0.966  0.648  0.465  0.128  0.0  0.635  N    0  0.250  (138,75,376,350)
  54  0.430  0.698  0.981  0.980  0.652  0.495  0.152  0.0  0.552  N    0  0.250  (44,81,282,356)
  55  0.368  0.702  1.000  0.865  0.488  0.444  0.159  0.0  0.459  N    2  0.250  (161,67,399,342)
  56  -0.451  0.279  0.451  0.873  0.884  0.027  1.000  1.0  0.424  Y   -1  0.089  (297,34,439,199)
  57  -0.454  0.287  0.455  0.881  0.881  0.036  1.000  1.0  0.435  Y   -1  0.089  (270,41,412,206)
  58  -0.475  0.075  0.472  0.791  0.945  0.026  1.000  1.0  0.406  Y   -1  0.089  (279,0,421,165)
  59  -0.475  0.152  0.427  0.850  0.906  0.022  1.000  1.0  0.394  Y   -1  0.089  (332,5,474,170)
  60  -0.480  0.242  0.438  0.938  0.830  0.025  1.000  1.0  0.503  Y   -1  0.122  (303,0,469,192)
  61  -0.485  0.297  0.396  0.943  0.813  0.030  1.000  1.0  0.411  Y   -1  0.089  (334,37,476,202)
  62  -0.487  0.000  0.469  0.733  0.969  0.024  1.000  1.0  0.397  Y   -1  0.089  (304,0,446,165)
  63  -0.495  0.357  0.492  0.905  0.867  0.158  1.000  1.0  0.538  Y   -1  0.160  (281,41,471,261)
  64  -0.510  0.204  0.453  0.964  0.775  0.029  1.000  1.0  0.511  Y   -1  0.122  (285,8,451,200)
  65  -0.521  0.419  0.591  0.801  0.940  0.324  1.000  1.0  0.513  Y   -1  0.122  (283,112,449,304)
  66  -0.528  0.446  0.609  0.833  0.922  0.346  1.000  1.0  0.544  Y   -1  0.160  (281,92,471,312)
  67  -0.529  0.317  0.479  0.901  0.770  0.111  1.000  1.0  0.445  Y   -1  0.089  (269,76,411,241)
  68  -0.531  0.370  0.469  0.968  0.772  0.153  1.000  1.0  0.519  Y   -1  0.122  (310,65,476,257)
  69  -0.534  0.218  0.454  0.943  0.776  0.080  1.000  1.0  0.519  Y   -1  0.122  (286,37,452,229)
  70  -0.535  0.292  0.466  0.923  0.770  0.111  1.000  1.0  0.432  Y   -1  0.089  (307,75,449,240)
  71  -0.536  0.314  0.444  0.968  0.760  0.114  1.000  1.0  0.424  Y   -1  0.089  (332,76,474,241)
  72  -0.538  0.189  0.444  0.952  0.804  0.098  1.000  1.0  0.513  Y   -1  0.122  (310,44,476,236)
  73  -0.539  0.331  0.522  0.843  0.916  0.277  1.000  1.0  0.512  Y   -1  0.122  (310,101,476,293)
  74  -0.550  0.211  0.441  0.964  0.722  0.059  1.000  1.0  0.525  Y   -1  0.160  (284,0,474,220)
  75  -0.559  0.337  0.451  0.833  0.667  0.057  1.000  1.0  0.357  Y   -1  0.062  (288,80,407,217)
  76  -0.571  0.400  0.565  0.957  0.792  0.301  1.000  1.0  0.371  N   -1  0.089  (271,132,413,297)
  77  -0.580  0.334  0.496  0.879  0.739  0.194  1.000  1.0  0.533  Y   -1  0.122  (281,79,447,271)
  78  -0.586  0.377  0.504  0.918  0.730  0.229  1.000  1.0  0.545  Y   -1  0.160  (277,63,467,283)
  79  -0.629  0.365  0.497  0.827  0.652  0.214  1.000  1.0  0.363  N   -1  0.089  (275,109,417,274)
  80  -0.632  0.302  0.626  0.660  0.989  0.519  1.000  1.0  0.373  N   -1  0.089  (269,248,411,413)
  81  -0.641  0.318  0.586  0.814  0.930  0.507  1.000  1.0  0.364  N   -1  0.089  (297,246,439,411)
  82  -0.647  0.351  0.676  0.887  0.837  0.501  1.000  1.0  0.363  N   -1  0.089  (5,215,147,380)
  83  -0.663  0.342  0.596  0.922  0.771  0.443  1.000  1.0  0.363  N   -1  0.089  (7,170,149,335)
  84  -0.663  0.333  0.600  0.935  0.814  0.483  1.000  1.0  0.383  N   -1  0.089  (268,217,410,382)
  85  -0.664  0.182  0.804  0.920  0.815  0.494  1.000  1.0  0.353  N   -1  0.089  (0,242,142,407)
  86  -0.674  0.397  0.565  0.900  0.868  0.564  1.000  1.0  0.447  N   -1  0.122  (283,212,449,404)
  87  -0.698  0.316  0.534  0.977  0.733  0.453  1.000  1.0  0.365  N   -1  0.089  (332,205,474,370)
  88  -0.700  0.392  0.654  0.955  0.671  0.479  1.000  1.0  0.441  N   -1  0.160  (286,129,476,349)
  89  -0.710  0.361  0.545  0.965  0.786  0.550  1.000  1.0  0.439  N   -1  0.122  (310,209,476,401)
  90  -0.713  0.387  0.549  0.969  0.665  0.456  1.000  1.0  0.375  N   -1  0.089  (303,202,445,367)
  91  -0.723  0.402  0.550  0.935  0.829  0.630  1.000  1.0  0.447  N   -1  0.160  (277,191,467,411)
  92  -0.728  0.420  0.636  0.822  0.581  0.426  1.000  1.0  0.446  N   -1  0.122  (281,140,447,332)
  93  -0.735  0.374  0.518  0.901  0.631  0.435  1.000  1.0  0.374  N   -1  0.089  (306,182,448,347)
  94  -0.739  0.403  0.548  0.916  0.587  0.432  1.000  1.0  0.384  N   -1  0.089  (273,177,415,342)
  95  -0.753  0.330  0.525  0.787  0.624  0.422  1.000  1.0  0.364  N   -1  0.089  (328,173,470,338)
  96  -0.759  0.351  0.563  0.931  0.665  0.530  1.000  1.0  0.456  N   -1  0.122  (278,188,444,380)
  97  -0.767  0.426  0.611  0.755  0.543  0.447  1.000  1.0  0.439  N   -1  0.122  (310,148,476,340)
  98  -0.777  0.428  0.576  0.830  0.423  0.359  1.000  1.0  0.363  N   -1  0.089  (307,147,449,312)
  99  -0.779  0.382  0.567  0.932  0.578  0.505  1.000  1.0  0.449  N   -1  0.122  (302,174,468,366)
 100  -0.798  0.404  0.642  0.897  0.563  0.561  1.000  1.0  0.451  N   -1  0.160  (282,157,472,377)
