图片: A16
候选框数量: 100
权重: W_AES=0.29 W_CONTENT=0.2 W_THIRDS=0.22 W_CENTER=0.3 W_DEP=-0.25 W_CLIP_PEN=0.6 W_MISSING_PEN=-0.5

排名  final   aes    con    3rd    ctr    dep    pen    msg    rule   L  i    area   box
   1  0.838  0.798  1.000  0.965  0.727  0.227  0.000  0.0  0.932  N    0  0.160  (256,3,492,180)
   2  0.837  0.822  0.950  0.886  0.879  0.250  0.000  0.0  0.959  N    0  0.122  (234,61,440,216)
   3  0.831  0.789  1.000  0.849  0.903  0.243  0.000  0.0  0.949  N    0  0.160  (217,21,453,198)
   4  0.828  0.889  1.000  0.936  0.793  0.469  0.000  0.0  0.968  N    0  0.358  (118,0,472,265)
   5  0.819  0.731  1.000  0.988  0.699  0.222  0.000  0.0  0.945  N    0  0.160  (208,4,444,181)
   6  0.818  0.778  1.000  0.951  0.762  0.314  0.000  0.0  0.930  N    0  0.249  (258,0,553,221)
   7  0.799  0.748  1.000  0.755  0.961  0.252  0.000  0.0  0.943  N    0  0.160  (244,24,480,201)
   8  0.795  0.650  1.000  0.894  0.877  0.236  0.000  0.0  0.939  N    0  0.122  (273,35,479,190)
   9  0.795  0.631  1.000  0.943  0.820  0.226  0.000  0.0  0.953  N    0  0.122  (222,35,428,190)
  10  0.791  0.737  0.971  0.993  0.708  0.375  0.000  0.0  0.972  N    0  0.249  (158,41,453,262)
  11  0.790  0.721  1.000  0.991  0.561  0.222  0.000  0.0  0.924  N    0  0.160  (279,0,515,177)
  12  0.788  0.802  1.000  0.961  0.456  0.224  0.000  0.0  0.953  N    0  0.160  (173,6,409,183)
  13  0.787  0.676  1.000  0.905  0.714  0.178  0.000  0.0  0.864  N    0  0.089  (258,31,435,163)
  14  0.785  0.876  1.000  0.910  0.377  0.211  0.000  0.0  0.948  N    0  0.122  (186,22,392,177)
  15  0.784  0.695  1.000  0.912  0.667  0.192  0.000  0.0  0.809  N    0  0.062  (249,61,396,171)
  16  0.779  1.000  1.000  0.864  0.439  0.455  0.000  0.0  0.966  N    0  0.249  (118,38,413,259)
  17  0.777  0.653  0.951  0.898  0.869  0.288  0.000  0.0  0.950  N    0  0.160  (256,53,492,230)
  18  0.774  0.662  0.972  0.799  0.942  0.252  0.000  0.0  0.947  N    0  0.122  (267,52,473,207)
  19  0.773  0.829  1.000  0.660  0.989  0.414  0.000  0.0  0.954  N    0  0.358  (171,0,525,265)
  20  0.771  0.621  0.949  0.956  0.796  0.279  0.000  0.0  0.964  N    0  0.160  (209,57,445,234)
  21  0.771  0.792  0.980  0.999  0.661  0.556  0.000  0.0  0.979  N    0  0.358  (118,32,472,297)
  22  0.770  0.615  0.981  0.907  0.788  0.225  0.000  0.0  0.863  N    0  0.089  (296,56,473,188)
  23  0.767  0.680  1.000  0.921  0.702  0.309  0.000  0.0  0.960  N    0  0.249  (147,0,442,221)
  24  0.761  0.731  1.000  0.917  0.453  0.171  0.000  0.0  0.940  N    0  0.122  (223,2,429,157)
  25  0.761  0.702  1.000  0.940  0.453  0.160  0.000  0.0  0.851  N    0  0.089  (306,29,483,161)
  26  0.758  0.615  1.000  0.739  0.967  0.221  0.000  0.0  0.873  N    0  0.089  (255,54,432,186)
  27  0.757  0.892  1.000  0.784  0.568  0.385  0.000  0.0  0.931  N    0  0.249  (284,22,579,243)
  28  0.745  0.668  1.000  0.697  0.980  0.334  0.000  0.0  0.951  N    0  0.249  (213,23,508,244)
  29  0.744  0.601  1.000  0.898  0.684  0.242  0.000  0.0  0.959  N    0  0.160  (186,26,422,203)
  30  0.738  0.620  0.932  0.967  0.738  0.400  0.000  0.0  0.969  N    0  0.249  (182,52,477,273)
  31  0.736  0.566  1.000  0.769  0.951  0.286  0.000  0.0  0.948  N    0  0.249  (191,0,486,221)
  32  0.731  0.638  1.000  0.849  0.652  0.268  0.000  0.0  0.932  N    0  0.160  (290,29,526,206)
  33  0.728  0.739  1.000  0.894  0.347  0.222  0.000  0.0  0.917  N    0  0.160  (308,0,544,177)
  34  0.728  0.722  0.913  0.990  0.552  0.467  0.000  0.0  0.953  N    0  0.249  (255,61,550,282)
  35  0.726  0.940  0.933  0.884  0.344  0.503  0.000  0.0  0.973  N    0  0.249  (118,59,413,280)
  36  0.723  0.853  0.923  0.973  0.480  0.638  0.000  0.0  0.989  N    0  0.358  (118,58,472,323)
  37  0.718  0.597  1.000  0.895  0.485  0.168  0.000  0.0  0.927  N    0  0.122  (275,3,481,158)
  38  0.712  0.371  1.000  0.878  0.888  0.178  0.000  0.0  0.797  N    0  0.062  (287,56,434,166)
  39  0.711  0.969  1.000  0.679  0.363  0.395  0.000  0.0  0.948  N    0  0.249  (103,0,398,221)
  40  0.705  0.316  1.000  0.959  0.799  0.161  0.000  0.0  0.524  Y   -1  0.122  (85,0,291,155)
  41  0.704  0.568  0.958  0.907  0.587  0.268  0.000  0.0  0.970  N    0  0.160  (180,53,416,230)
  42  0.703  0.657  0.928  0.973  0.518  0.441  0.000  0.0  0.981  N    0  0.249  (147,58,442,279)
  43  0.696  0.506  1.000  0.957  0.447  0.185  0.000  0.0  0.876  N    0  0.089  (219,34,396,166)
  44  0.689  0.635  0.977  0.763  0.557  0.226  0.000  0.0  0.886  N    0  0.089  (218,62,395,194)
  45  0.688  0.778  1.000  0.707  0.471  0.337  0.000  0.0  0.921  N    0  0.249  (296,3,591,224)
  46  0.679  0.596  0.856  0.936  0.447  0.251  0.000  0.0  0.872  N    0  0.089  (304,88,481,220)
  47  0.675  0.816  0.877  0.890  0.346  0.514  0.000  0.0  0.989  N    0  0.249  (147,80,442,301)
  48  0.675  0.484  0.855  0.866  0.724  0.242  0.000  0.0  0.881  N    0  0.089  (267,84,444,216)
  49  0.666  0.448  0.929  0.976  0.562  0.320  0.000  0.0  0.944  N    0  0.160  (289,61,525,238)
  50  0.666  0.414  0.968  0.983  0.663  0.419  0.000  0.0  0.944  N    0  0.249  (262,41,557,262)
  51  0.661  0.484  1.000  0.898  0.418  0.217  0.000  0.0  0.924  N    0  0.122  (313,25,519,180)
  52  0.653  0.448  0.833  0.978  0.500  0.224  0.000  0.0  0.807  N    0  0.062  (244,87,391,197)
  53  0.649  0.438  0.909  0.969  0.509  0.305  0.000  0.0  0.975  N    0  0.160  (187,71,423,248)
  54  0.645  0.430  0.902  0.915  0.620  0.332  0.000  0.0  0.957  N    0  0.160  (258,75,494,252)
  55  0.640  0.457  0.892  0.968  0.487  0.347  0.000  0.0  0.951  N    0  0.160  (281,76,517,253)
  56  0.639  0.117  1.000  0.970  0.777  0.163  0.000  0.0  0.430  Y   -1  0.089  (106,0,283,132)
  57  0.632  0.548  1.000  0.791  0.291  0.182  0.000  0.0  0.949  N    0  0.122  (190,6,396,161)
  58  0.629  0.086  0.988  0.962  0.792  0.151  0.000  0.0  0.507  Y   -1  0.122  (28,2,234,157)
  59  0.628  0.135  1.000  0.930  0.839  0.256  0.000  0.0  0.544  Y   -1  0.160  (75,0,311,177)
  60  0.622  0.444  0.887  0.867  0.515  0.286  0.000  0.0  0.969  N    0  0.122  (231,88,437,243)
  61  0.620  0.126  0.928  0.909  0.810  0.138  0.000  0.0  0.501  Y   -1  0.122  (0,0,206,155)
  62  0.615  0.624  0.907  0.778  0.598  0.610  0.000  0.0  0.975  N    0  0.358  (171,58,525,323)
  63  0.612  0.047  1.000  0.990  0.716  0.155  0.000  0.0  0.423  Y   -1  0.089  (83,0,260,132)
  64  0.608  0.263  0.931  0.928  0.747  0.420  0.000  0.0  0.960  N    0  0.249  (220,54,515,275)
  65  0.607  0.196  0.835  0.885  0.835  0.220  0.000  0.0  0.809  N    0  0.062  (281,85,428,195)
  66  0.606  0.457  0.894  0.808  0.548  0.338  0.000  0.0  0.970  N    0  0.160  (220,82,456,259)
  67  0.602  0.750  0.883  0.876  0.293  0.725  0.000  0.0  0.998  N    0  0.358  (118,85,472,350)
  68  0.598  0.648  0.879  0.726  0.469  0.501  0.000  0.0  0.977  N    0  0.249  (191,80,486,301)
  69  0.597  0.459  1.000  0.766  0.282  0.168  0.000  0.0  0.917  N    0  0.122  (311,4,517,159)
  70  0.594  0.349  0.915  0.874  0.471  0.266  0.000  0.0  0.939  N    0  0.122  (310,63,516,218)
  71  0.592  0.323  0.853  0.948  0.426  0.233  0.000  0.0  0.893  N    0  0.089  (217,81,394,213)
  72  0.590  0.804  0.929  0.774  0.265  0.744  0.000  0.0  0.974  N    0  0.358  (64,58,418,323)
  73  0.576  0.245  0.875  0.934  0.531  0.294  0.000  0.0  0.956  N    0  0.122  (277,85,483,240)
  74  0.575  0.645  1.000  0.657  0.439  0.608  0.000  0.0  0.953  N    0  0.358  (64,0,418,265)
  75  0.563  0.009  0.874  0.926  0.691  0.092  0.000  0.0  0.401  Y   -1  0.089  (2,0,179,132)
  76  0.560  0.607  0.870  0.856  0.341  0.707  0.000  0.0  0.968  N    0  0.358  (226,81,580,346)
  77  0.558  0.548  0.979  0.668  0.435  0.237  0.065  0.0  0.905  N    0  0.122  (183,52,389,207)
  78  0.555  0.367  0.871  0.864  0.321  0.294  0.000  0.0  0.943  N    0  0.122  (315,79,521,234)
  79  0.553  0.842  0.868  0.606  0.179  0.589  0.000  0.0  0.977  N    0  0.249  (103,80,398,301)
  80  0.549  0.398  0.874  0.832  0.329  0.341  0.000  0.0  0.982  N    0  0.160  (177,84,413,261)
  81  0.546  0.603  0.920  0.807  0.332  0.322  0.097  0.0  0.845  N    0  0.160  (322,56,558,233)
  82  0.544  0.229  0.801  0.776  0.952  0.536  0.000  0.0  0.593  Y   -1  0.160  (149,156,385,333)
  83  0.537  0.647  0.863  0.720  0.234  0.564  0.000  0.0  0.954  N    0  0.249  (286,86,581,307)
  84  0.525  0.483  0.880  0.788  0.294  0.526  0.000  0.0  0.947  N    0  0.249  (292,71,587,292)
  85  0.507  0.623  0.867  0.665  0.206  0.573  0.000  0.0  0.985  N    0  0.249  (122,88,417,309)
  86  0.502  0.052  0.779  0.927  0.842  0.558  0.000  0.0  0.569  Y   -1  0.160  (276,165,512,342)
  87  0.486  0.266  0.859  0.766  0.282  0.281  0.000  0.0  0.979  N    0  0.122  (191,88,397,243)
  88  0.481  0.514  1.000  0.717  0.341  0.257  0.146  0.0  0.787  N    0  0.160  (325,21,561,198)
  89  0.481  0.000  0.775  0.905  0.840  0.541  0.000  0.0  0.564  Y   -1  0.160  (311,158,547,335)
  90  0.450  0.784  0.886  0.663  0.180  0.608  0.130  0.0  0.852  N    0  0.249  (90,71,385,292)
  91  0.424  0.721  0.869  0.789  0.227  0.591  0.195  0.0  0.820  N    0  0.249  (147,102,442,323)
  92  0.414  0.646  0.874  0.548  0.331  0.571  0.117  0.0  0.872  N    0  0.249  (212,98,507,319)
  93  0.337  0.398  0.861  0.737  0.227  0.400  0.195  0.0  0.812  N    0  0.160  (177,102,413,279)
  94  0.334  0.499  0.864  0.824  0.251  0.601  0.234  0.0  0.757  N    0  0.249  (253,104,548,325)
  95  0.308  0.196  0.880  0.776  0.345  0.400  0.195  0.0  0.803  N    0  0.160  (212,102,448,279)
  96  0.302  0.142  0.885  0.754  0.357  0.406  0.176  0.0  0.808  N    0  0.160  (257,101,493,278)
  97  0.297  0.774  0.875  0.796  0.204  0.797  0.332  0.0  0.652  Y    0  0.358  (118,109,472,374)
  98  0.254  0.361  0.852  0.651  0.185  0.392  0.244  0.0  0.752  N    0  0.160  (142,84,378,261)
  99  0.139  0.550  0.856  0.487  0.255  0.793  0.332  0.0  0.638  Y    0  0.358  (171,109,525,374)
 100  0.132  0.627  0.879  0.480  0.113  0.842  0.332  0.0  0.637  Y    0  0.358  (64,109,418,374)
