图片: A17
候选框数量: 100
权重: W_AES=0.29 W_CONTENT=0.2 W_THIRDS=0.22 W_CENTER=0.3 W_DEP=-0.25 W_CLIP_PEN=0.6 W_MISSING_PEN=-0.5

排名  final   aes    con    3rd    ctr    dep    pen    msg    rule   L  i    area   box
   1  0.730  0.898  0.981  0.796  0.939  0.286  0.148  0.0  0.771  N    0  0.360  (16,122,281,477)
   2  0.660  1.000  1.000  0.923  0.812  0.183  0.327  0.0  0.456  N    0  0.250  (4,131,225,427)
   3  0.647  0.914  1.000  0.728  0.970  0.210  0.266  0.0  0.632  N    0  0.250  (2,163,223,459)
   4  0.639  0.903  1.000  0.756  0.959  0.192  0.283  0.0  0.598  N    0  0.250  (38,157,259,453)
   5  0.635  0.861  0.972  0.586  0.999  0.489  0.141  0.0  0.830  N    0  0.360  (0,157,265,512)
   6  0.630  0.843  0.968  0.621  0.995  0.488  0.151  0.0  0.827  N    0  0.360  (16,157,281,512)
   7  0.608  0.835  0.955  0.838  0.913  0.755  0.174  0.0  0.796  N    0  0.360  (16,193,281,548)
   8  0.601  0.861  1.000  0.687  0.982  0.215  0.288  0.0  0.642  N    0  0.250  (40,166,261,462)
   9  0.595  0.819  0.948  0.733  0.965  0.488  0.216  0.0  0.783  N    0  0.360  (56,157,321,512)
  10  0.549  0.912  1.000  0.867  0.880  0.177  0.429  0.0  0.505  N    0  0.250  (37,140,258,436)
  11  0.534  0.863  0.997  0.899  0.689  0.171  0.395  0.0  0.248  N    0  0.250  (71,112,292,408)
  12  0.523  0.663  0.940  0.878  0.891  0.762  0.216  0.0  0.770  N    0  0.360  (48,194,313,549)
  13  0.519  0.743  0.992  0.649  0.989  0.270  0.317  0.0  0.683  N    0  0.250  (53,180,274,476)
  14  0.515  0.675  1.000  0.628  0.993  0.307  0.280  0.0  0.698  N    0  0.250  (5,187,226,483)
  15  0.514  0.777  0.977  0.938  0.712  0.168  0.401  0.0  0.309  N    0  0.250  (90,122,311,418)
  16  0.509  0.844  0.927  0.850  0.893  0.504  0.354  0.0  0.668  N    0  0.360  (88,159,353,514)
  17  0.504  0.679  1.000  0.639  0.991  0.305  0.300  0.0  0.692  N    0  0.250  (38,187,259,483)
  18  0.502  0.015  0.875  0.677  0.984  0.336  0.000  0.0  0.267  N   -1  0.062  (332,327,442,475)
  19  0.479  0.596  0.997  0.778  0.940  0.439  0.307  0.0  0.673  N    0  0.250  (21,209,242,505)
  20  0.477  0.715  0.979  0.696  0.980  0.308  0.362  0.0  0.647  N    0  0.250  (71,187,292,483)
  21  0.472  0.740  0.968  0.728  0.968  0.274  0.394  0.0  0.626  N    0  0.250  (87,180,308,476)
  22  0.458  0.564  0.991  0.837  0.904  0.512  0.316  0.0  0.655  N    0  0.250  (0,219,221,515)
  23  0.452  0.555  0.984  0.850  0.905  0.487  0.329  0.0  0.658  N    0  0.250  (38,216,259,512)
  24  0.444  0.701  1.000  0.789  0.929  0.156  0.463  0.0  0.280  N    0  0.159  (61,181,237,417)
  25  0.444  0.609  0.972  0.778  0.950  0.409  0.360  0.0  0.642  N    0  0.250  (62,204,283,500)
  26  0.429  0.747  0.946  0.861  0.903  0.222  0.493  0.0  0.481  N    0  0.250  (115,166,336,462)
  27  0.425  0.702  1.000  0.714  0.972  0.149  0.471  0.0  0.361  N    0  0.159  (61,193,237,429)
  28  0.409  0.704  0.914  0.938  0.824  0.765  0.378  0.0  0.638  N    0  0.360  (88,194,353,549)
  29  0.399  0.648  0.981  0.905  0.753  0.705  0.369  0.0  0.610  N    0  0.250  (28,245,249,541)
  30  0.394  0.623  0.981  0.885  0.768  0.705  0.361  0.0  0.607  N    0  0.250  (0,245,221,541)
  31  0.376  0.550  0.956  0.897  0.873  0.550  0.413  0.0  0.594  N    0  0.250  (76,224,297,520)
  32  0.367  0.678  0.937  0.779  0.946  0.357  0.489  0.0  0.544  N    0  0.250  (110,194,331,490)
  33  0.366  0.608  0.940  0.776  0.952  0.373  0.458  0.0  0.569  N    0  0.250  (102,197,323,493)
  34  0.350  0.682  0.918  0.882  0.886  0.498  0.500  0.0  0.463  N    0  0.250  (122,215,343,511)
  35  0.341  0.596  1.000  0.643  0.991  0.151  0.512  0.0  0.429  N    0  0.159  (80,209,256,445)
  36  0.340  0.653  0.896  0.870  0.716  0.280  0.500  0.0  0.369  N    0  0.250  (160,179,381,475)
  37  0.337  0.532  1.000  0.638  0.992  0.155  0.488  0.0  0.502  N    0  0.159  (61,217,237,453)
  38  0.337  0.538  1.000  0.598  0.997  0.159  0.475  0.0  0.503  N    0  0.159  (34,217,210,453)
  39  0.335  0.534  0.967  0.782  0.945  0.161  0.525  0.0  0.313  N    0  0.159  (130,204,306,440)
  40  0.333  0.526  1.000  0.584  0.999  0.144  0.474  0.0  0.452  N    0  0.159  (45,206,221,442)
  41  0.314  0.406  1.000  0.833  0.915  0.241  0.500  0.0  0.483  N    0  0.159  (61,240,237,476)
  42  0.311  0.742  0.883  0.974  0.723  0.765  0.500  0.0  0.434  Y    0  0.360  (127,194,392,549)
  43  0.310  0.499  1.000  0.600  0.997  0.172  0.492  0.0  0.504  N    0  0.159  (25,220,201,456)
  44  0.309  0.449  1.000  0.677  0.985  0.165  0.500  0.0  0.465  N    0  0.159  (87,217,263,453)
  45  0.307  0.462  1.000  0.664  0.988  0.117  0.515  0.0  0.393  N    0  0.122  (53,237,207,444)
  46  0.304  0.575  0.889  0.965  0.788  0.564  0.500  0.0  0.369  N    0  0.250  (143,224,364,520)
  47  0.300  0.446  1.000  0.689  0.979  0.178  0.510  0.0  0.396  N    0  0.159  (0,210,176,446)
  48  0.295  0.542  0.922  0.887  0.880  0.558  0.500  0.0  0.507  N    0  0.250  (110,224,331,520)
  49  0.292  0.423  0.984  0.671  0.984  0.184  0.500  0.0  0.436  N    0  0.159  (111,220,287,456)
  50  0.292  0.482  1.000  0.605  0.997  0.117  0.522  0.0  0.329  N    0  0.122  (81,228,235,435)
  51  0.291  0.350  1.000  0.764  0.950  0.193  0.500  0.0  0.343  N    0  0.122  (0,260,154,467)
  52  0.290  0.352  1.000  0.833  0.909  0.272  0.500  0.0  0.471  N    0  0.159  (30,245,206,481)
  53  0.288  0.609  0.907  0.981  0.680  1.000  0.419  0.0  0.591  N    0  0.360  (88,230,353,585)
  54  0.287  0.335  1.000  0.892  0.864  0.311  0.500  0.0  0.440  N    0  0.159  (73,251,249,487)
  55  0.285  0.369  1.000  0.712  0.974  0.155  0.510  0.0  0.263  N    0  0.122  (22,223,176,430)
  56  0.284  0.372  1.000  0.799  0.925  0.301  0.500  0.0  0.438  N    0  0.159  (5,248,181,484)
  57  0.283  0.366  0.960  0.881  0.883  0.344  0.500  0.0  0.390  N    0  0.159  (106,254,282,490)
  58  0.281  0.707  0.952  0.867  0.659  0.863  0.465  0.0  0.528  N    0  0.250  (56,264,277,560)
  59  0.280  0.344  1.000  0.913  0.820  0.352  0.500  0.0  0.441  N    0  0.159  (58,258,234,494)
  60  0.279  0.500  0.885  0.952  0.733  0.487  0.500  0.0  0.339  N    0  0.250  (157,213,378,509)
  61  0.271  0.264  1.000  0.903  0.839  0.260  0.500  0.0  0.322  N    0  0.122  (56,273,210,480)
  62  0.262  0.284  0.971  0.824  0.928  0.278  0.500  0.0  0.414  N    0  0.159  (103,243,279,479)
  63  0.262  0.498  0.902  0.958  0.799  0.676  0.500  0.0  0.417  N    0  0.250  (125,239,346,535)
  64  0.260  0.336  0.926  0.818  0.931  0.325  0.500  0.0  0.348  N    0  0.159  (139,249,315,485)
  65  0.258  0.348  1.000  0.676  0.985  0.155  0.525  0.0  0.296  N    0  0.122  (0,229,154,436)
  66  0.244  0.370  0.921  0.938  0.784  0.513  0.500  0.0  0.311  N    0  0.159  (132,277,308,513)
  67  0.243  0.544  0.869  0.988  0.629  0.699  0.500  0.0  0.260  Y    0  0.250  (164,242,385,538)
  68  0.241  0.401  1.000  0.880  0.737  0.534  0.500  0.0  0.354  N    0  0.159  (8,281,184,517)
  69  0.239  0.362  0.998  0.890  0.732  0.482  0.500  0.0  0.385  N    0  0.159  (49,275,225,511)
  70  0.235  0.165  1.000  0.883  0.860  0.270  0.500  0.0  0.316  N    0  0.122  (27,274,181,481)
  71  0.234  0.492  0.913  0.961  0.750  0.784  0.500  0.0  0.461  N    0  0.250  (110,253,331,549)
  72  0.232  0.197  0.944  0.833  0.921  0.261  0.500  0.0  0.274  N    0  0.122  (144,268,298,475)
  73  0.231  0.192  0.945  0.785  0.942  0.162  0.510  0.0  0.276  N    0  0.122  (168,239,322,446)
  74  0.231  0.222  1.000  0.664  0.988  0.151  0.505  0.0  0.339  N    0  0.122  (120,241,274,448)
  75  0.225  0.220  0.933  0.855  0.908  0.353  0.500  0.0  0.353  N    0  0.159  (132,254,308,490)
  76  0.225  0.136  1.000  0.917  0.810  0.280  0.500  0.0  0.308  N    0  0.122  (81,276,235,483)
  77  0.224  0.224  0.953  0.714  0.975  0.226  0.500  0.0  0.387  N    0  0.159  (132,230,308,466)
  78  0.221  0.110  0.984  0.856  0.902  0.233  0.500  0.0  0.303  N    0  0.122  (117,265,271,472)
  79  0.219  0.277  1.000  0.898  0.752  0.477  0.500  0.0  0.386  N    0  0.159  (31,274,207,510)
  80  0.214  0.273  0.948  0.924  0.762  0.492  0.500  0.0  0.344  N    0  0.159  (103,275,279,511)
  81  0.212  0.155  0.910  0.893  0.878  0.317  0.500  0.0  0.293  N    0  0.159  (163,246,339,482)
  82  0.208  0.181  0.909  0.876  0.883  0.364  0.500  0.0  0.295  N    0  0.159  (158,254,334,490)
  83  0.208  0.562  0.928  0.894  0.675  0.886  0.500  0.0  0.477  N    0  0.250  (91,266,312,562)
  84  0.182  0.700  0.928  0.788  0.572  1.000  0.500  0.0  0.419  N    0  0.250  (87,286,308,582)
  85  0.145  0.290  0.970  0.822  0.633  0.632  0.500  0.0  0.302  N    0  0.159  (74,293,250,529)
  86  0.140  0.678  0.970  0.686  0.504  1.000  0.500  0.0  0.418  N    0  0.250  (3,296,224,592)
  87  0.134  0.512  0.865  0.944  0.463  1.000  0.500  0.0  0.374  N    1  0.250  (160,296,381,592)
  88  0.125  0.553  0.940  0.759  0.555  1.000  0.500  0.0  0.428  N    0  0.250  (70,288,291,584)
  89  0.122  0.192  0.905  0.867  0.687  0.638  0.500  0.0  0.272  N    0  0.159  (134,293,310,529)
  90  0.105  0.456  0.902  0.825  0.554  1.000  0.500  0.0  0.354  N    1  0.250  (120,290,341,586)
  91  0.087  0.518  0.969  0.686  0.498  1.000  0.500  0.0  0.414  N    0  0.250  (23,296,244,592)
  92  -0.010  0.428  0.951  0.563  0.349  1.000  0.500  0.0  0.260  N    1  0.159  (1,356,177,592)
  93  -0.012  0.558  0.849  0.536  0.263  1.000  0.500  0.0  0.310  N    1  0.250  (221,296,442,592)
  94  -0.073  0.280  0.945  0.517  0.344  1.000  0.500  0.0  0.270  N    1  0.159  (30,356,206,592)
  95  -0.114  0.187  0.893  0.521  0.340  1.000  0.500  0.0  0.291  N    1  0.159  (105,356,281,592)
  96  -0.134  0.104  0.925  0.521  0.343  1.000  0.500  0.0  0.278  N    1  0.159  (55,356,231,592)
  97  -0.134  0.133  0.878  0.525  0.337  1.000  0.500  0.0  0.295  N    1  0.159  (133,356,309,592)
  98  -0.136  0.099  0.922  0.521  0.342  1.000  0.500  0.0  0.283  N    1  0.159  (76,356,252,592)
  99  -0.168  0.032  0.842  0.552  0.324  1.000  0.500  0.0  0.250  N    1  0.159  (188,356,364,592)
 100  -0.179  0.000  0.861  0.538  0.321  1.000  0.500  0.0  0.254  N    1  0.159  (166,354,342,590)
