图片: A18
候选框数量: 100
权重: W_AES=0.29 W_CONTENT=0.2 W_THIRDS=0.22 W_CENTER=0.3 W_DEP=-0.25 W_CLIP_PEN=0.6 W_MISSING_PEN=-0.5

排名  final   aes    con    3rd    ctr    dep    pen    msg    rule   L  i    area   box
   1  0.594  0.685  0.826  0.887  0.876  0.470  0.000  0.0  0.965  N    0  0.160  (102,291,269,541)
   2  0.583  0.950  0.824  0.996  0.692  0.467  0.000  0.0  0.964  N    0  0.250  (63,237,272,550)
   3  0.581  0.749  0.834  0.927  0.832  0.496  0.000  0.0  0.977  N    0  0.160  (125,279,292,529)
   4  0.579  0.649  0.836  0.945  0.810  0.439  0.000  0.0  0.959  N    0  0.122  (105,317,251,536)
   5  0.564  0.668  0.836  0.935  0.749  0.419  0.000  0.0  0.973  N    0  0.160  (108,269,275,519)
   6  0.563  0.557  0.846  0.977  0.728  0.362  0.000  0.0  0.969  N    0  0.122  (113,292,259,511)
   7  0.561  0.881  0.811  0.842  0.916  0.648  0.000  0.0  0.975  N    0  0.250  (104,253,313,566)
   8  0.560  0.881  0.805  0.659  0.988  0.675  0.000  0.0  0.964  N    0  0.250  (90,274,299,587)
   9  0.552  0.588  0.837  0.609  0.996  0.565  0.000  0.0  0.964  N    0  0.122  (129,334,275,553)
  10  0.548  0.594  0.856  0.967  0.758  0.440  0.000  0.0  0.976  N    0  0.122  (138,293,284,512)
  11  0.543  0.810  0.841  0.970  0.665  0.458  0.000  0.0  0.971  N    0  0.250  (72,222,281,535)
  12  0.542  0.900  0.846  0.989  0.725  0.565  0.000  0.0  0.969  N    0  0.358  (46,191,296,566)
  13  0.527  0.557  0.830  0.832  0.922  0.578  0.000  0.0  0.968  N    0  0.160  (132,305,299,555)
  14  0.523  0.906  0.807  0.922  0.766  0.613  0.000  0.0  0.952  N    0  0.250  (58,273,267,586)
  15  0.523  0.727  0.837  0.908  0.571  0.357  0.000  0.0  0.973  N    0  0.160  (99,254,266,504)
  16  0.522  0.935  0.843  0.910  0.726  0.603  0.000  0.0  0.983  N    0  0.250  (104,222,313,535)
  17  0.512  0.669  0.820  0.784  0.944  0.665  0.000  0.0  0.956  N    0  0.160  (106,329,273,579)
  18  0.511  0.976  0.827  0.940  0.472  0.407  0.000  0.0  0.954  N    0  0.250  (39,238,248,551)
  19  0.511  0.950  0.814  0.753  0.962  0.804  0.000  0.0  0.973  N    0  0.358  (83,229,333,604)
  20  0.510  0.786  0.824  0.877  0.654  0.475  0.000  0.0  0.953  N    0  0.160  (79,302,246,552)
  21  0.510  0.741  0.831  0.968  0.483  0.319  0.000  0.0  0.961  N    0  0.160  (77,268,244,518)
  22  0.484  0.889  0.844  0.931  0.801  0.732  0.000  0.0  0.983  N    0  0.358  (83,191,333,566)
  23  0.473  0.974  0.879  0.665  0.226  0.215  0.000  0.0  0.964  N    0  0.250  (31,189,240,502)
  24  0.471  0.850  0.870  0.885  0.426  0.392  0.000  0.0  0.978  N    0  0.250  (69,189,278,502)
  25  0.470  0.884  0.798  0.776  0.939  0.834  0.000  0.0  0.957  N    0  0.250  (96,311,305,624)
  26  0.468  0.671  0.843  0.841  0.611  0.467  0.000  0.0  0.983  N    0  0.160  (125,254,292,504)
  27  0.467  0.601  0.839  0.903  0.721  0.549  0.000  0.0  0.962  N    0  0.122  (156,322,302,541)
  28  0.460  0.826  0.827  0.983  0.744  0.702  0.000  0.0  0.972  N    0  0.250  (122,238,331,551)
  29  0.460  0.894  0.794  0.711  0.971  0.872  0.000  0.0  0.966  N    0  0.358  (90,251,340,626)
  30  0.454  0.852  0.804  0.950  0.794  0.756  0.000  0.0  0.947  N    0  0.250  (62,301,271,614)
  31  0.454  0.899  0.804  0.907  0.865  0.834  0.000  0.0  0.956  N    0  0.250  (120,304,329,617)
  32  0.448  0.688  0.820  0.848  0.889  0.764  0.000  0.0  0.957  N    0  0.160  (118,345,285,595)
  33  0.444  0.627  0.836  0.947  0.818  0.707  0.000  0.0  0.959  N    0  0.122  (140,359,286,578)
  34  0.424  0.704  0.827  0.900  0.661  0.622  0.000  0.0  0.961  N    0  0.160  (153,299,320,549)
  35  0.422  0.896  0.818  0.796  0.429  0.473  0.000  0.0  0.946  N    0  0.250  (30,256,239,569)
  36  0.414  0.682  0.837  0.986  0.557  0.558  0.000  0.0  0.975  N    0  0.160  (143,260,310,510)
  37  0.410  0.670  0.857  0.805  0.248  0.240  0.000  0.0  0.974  N    0  0.160  (82,224,249,474)
  38  0.404  0.614  0.833  0.992  0.715  0.693  0.000  0.0  0.948  N    0  0.122  (104,359,250,578)
  39  0.397  0.662  0.836  0.669  0.481  0.441  0.000  0.0  0.949  N    0  0.122  (83,324,229,543)
  40  0.395  0.732  0.872  0.788  0.251  0.305  0.000  0.0  0.980  N    0  0.160  (93,217,260,467)
  41  0.375  0.944  0.890  0.749  0.547  0.717  0.000  0.0  0.993  N    0  0.358  (83,150,333,525)
  42  0.364  0.565  0.842  0.600  0.166  0.158  0.000  0.0  0.968  N    0  0.122  (84,249,230,468)
  43  0.363  0.470  0.836  0.713  0.214  0.182  0.000  0.0  0.959  N    0  0.122  (75,274,221,493)
  44  0.358  0.680  0.820  0.876  0.634  0.710  0.000  0.0  0.952  N    0  0.160  (155,330,322,580)
  45  0.358  0.872  0.838  0.987  0.553  0.755  0.000  0.0  0.972  N    0  0.250  (135,222,344,535)
  46  0.357  0.822  0.933  0.770  0.293  0.482  0.000  0.0  0.982  N    0  0.358  (46,112,296,487)
  47  0.350  0.629  0.851  0.926  0.423  0.530  0.000  0.0  0.969  N    0  0.122  (163,283,309,502)
  48  0.346  1.000  0.883  0.636  0.372  0.612  0.000  0.0  0.995  N    0  0.250  (104,174,313,487)
  49  0.343  0.925  0.838  0.998  0.616  0.871  0.000  0.0  0.969  N    0  0.358  (121,191,371,566)
  50  0.335  0.878  0.807  0.861  0.586  0.794  0.000  0.0  0.958  N    0  0.250  (147,259,356,572)
  51  0.328  0.909  0.795  0.848  0.707  0.929  0.000  0.0  0.951  N    0  0.358  (127,251,377,626)
  52  0.325  0.597  0.866  0.670  0.382  0.476  0.000  0.0  0.989  N    0  0.160  (125,229,292,479)
  53  0.322  0.888  0.806  0.642  0.487  0.685  0.000  0.0  0.936  Y    0  0.358  (0,251,250,626)
  54  0.313  0.844  0.800  0.922  0.626  0.870  0.000  0.0  0.946  N    0  0.250  (142,313,351,626)
  55  0.295  0.766  0.796  0.833  0.666  0.886  0.000  0.0  0.951  N    0  0.160  (119,371,286,621)
  56  0.279  0.499  0.820  0.983  0.543  0.722  0.000  0.0  0.950  N    0  0.122  (160,365,306,584)
  57  0.272  0.951  0.808  0.788  0.384  0.752  0.000  0.0  0.880  Y    0  0.250  (26,313,235,626)
  58  0.266  0.796  0.867  0.873  0.373  0.724  0.000  0.0  0.986  N    0  0.250  (124,182,333,495)
  59  0.261  0.677  0.863  0.850  0.278  0.583  0.000  0.0  0.984  N    0  0.160  (143,223,310,473)
  60  0.230  0.592  0.814  0.839  0.443  0.737  0.000  0.0  0.945  N    0  0.160  (167,340,334,590)
  61  0.224  0.711  0.816  0.587  0.373  0.683  0.000  0.0  0.950  N    0  0.160  (175,309,342,559)
  62  0.223  0.791  0.907  0.579  0.324  0.713  0.000  0.0  0.996  N    0  0.358  (83,112,333,487)
  63  0.193  0.689  0.825  0.835  0.273  0.702  0.000  0.0  0.961  N    0  0.160  (175,265,342,515)
  64  0.174  0.419  0.849  0.741  0.227  0.560  0.000  0.0  0.977  N    0  0.122  (163,253,309,472)
  65  0.146  0.813  0.795  0.847  0.271  0.842  0.000  0.0  0.954  N    0  0.250  (173,233,382,546)
  66  0.121  0.774  0.883  0.826  0.249  0.883  0.000  0.0  0.982  N    0  0.358  (121,112,371,487)
  67  0.102  0.570  0.769  0.790  0.384  0.899  0.000  0.0  0.947  N    0  0.122  (141,403,287,622)
  68  0.085  0.856  0.842  0.606  0.180  0.864  0.000  0.0  0.975  N    0  0.250  (159,174,368,487)
  69  0.068  0.776  0.948  0.262  0.064  0.120  0.500  0.0  0.957  N    0  0.250  (0,146,209,459)
  70  0.051  0.560  0.812  0.457  0.111  0.086  0.500  0.0  0.959  N    0  0.122  (59,250,205,469)
  71  0.049  0.478  0.821  0.754  0.181  0.186  0.500  0.0  0.949  N    0  0.122  (56,283,202,502)
  72  0.042  0.604  0.829  0.496  0.129  0.756  0.000  0.0  0.967  N    0  0.160  (181,233,348,483)
  73  0.009  0.879  0.824  0.393  0.098  0.897  0.000  0.0  0.968  N    0  0.250  (179,170,388,483)
  74  -0.142  0.680  0.796  0.713  0.227  0.687  0.500  0.0  0.920  Y    0  0.250  (0,313,209,626)
  75  -0.348  0.547  0.780  0.282  0.063  0.782  0.500  0.0  0.960  N    2  0.160  (204,228,371,478)
  76  -0.357  0.770  0.788  0.201  0.040  0.868  0.500  0.0  0.958  N    2  0.250  (209,163,418,476)
  77  -0.453  0.372  0.762  0.935  0.759  0.094  1.000  1.0  0.512  Y   -1  0.122  (0,315,146,534)
  78  -0.482  0.292  0.752  0.919  0.766  0.115  1.000  1.0  0.448  Y   -1  0.089  (27,363,152,550)
  79  -0.493  0.284  0.463  0.770  0.945  0.150  1.000  1.0  0.380  Y   -1  0.062  (0,424,104,580)
  80  -0.499  0.173  0.655  0.925  0.797  0.086  1.000  1.0  0.428  Y   -1  0.089  (1,356,126,543)
  81  -0.521  0.369  0.686  0.955  0.721  0.168  1.000  1.0  0.602  Y   -1  0.122  (0,365,146,584)
  82  -0.531  0.183  0.463  0.862  0.898  0.157  1.000  1.0  0.293  Y   -1  0.040  (0,460,83,585)
  83  -0.534  0.429  0.747  0.968  0.676  0.208  1.000  1.0  0.517  Y   -1  0.089  (30,408,155,595)
  84  -0.569  0.263  0.548  0.987  0.734  0.180  1.000  1.0  0.502  Y   -1  0.089  (2,405,127,592)
  85  -0.576  0.126  0.752  0.990  0.675  0.156  1.000  1.0  0.307  Y   -1  0.040  (59,450,142,575)
  86  -0.599  0.264  0.656  0.999  0.624  0.182  1.000  1.0  0.403  Y   -1  0.062  (33,433,137,589)
  87  -0.601  0.083  0.404  0.909  0.822  0.165  1.000  1.0  0.303  Y   -1  0.040  (31,458,114,583)
  88  -0.636  0.366  0.590  0.998  0.601  0.255  1.000  1.0  0.675  Y   -1  0.122  (0,407,146,626)
  89  -0.638  0.408  0.521  0.962  0.599  0.243  1.000  1.0  0.548  Y   -1  0.089  (6,435,131,622)
  90  -0.670  0.197  0.388  0.921  0.689  0.230  1.000  1.0  0.427  Y   -1  0.062  (0,463,104,619)
  91  -0.670  0.272  0.470  0.939  0.632  0.249  1.000  1.0  0.550  Y   -1  0.089  (0,439,125,626)
  92  -0.672  0.280  0.625  0.989  0.552  0.255  1.000  1.0  0.559  Y   -1  0.089  (23,439,148,626)
  93  -0.737  0.050  0.370  0.916  0.604  0.209  1.000  1.0  0.328  Y   -1  0.040  (37,482,120,607)
  94  -0.762  0.097  0.440  0.963  0.524  0.244  1.000  1.0  0.444  Y   -1  0.062  (26,469,130,625)
  95  -0.807  0.018  0.322  0.926  0.501  0.220  1.000  1.0  0.328  Y   -1  0.040  (24,494,107,619)
  96  -0.814  0.004  0.444  0.942  0.432  0.217  1.000  1.0  0.341  Y   -1  0.040  (62,499,145,624)
  97  -0.831  0.008  0.327  0.849  0.469  0.220  1.000  1.0  0.333  Y   -1  0.040  (37,494,120,619)
  98  -0.839  0.010  0.398  0.936  0.397  0.216  1.000  1.0  0.337  Y   -1  0.040  (49,494,132,619)
  99  -0.841  0.000  0.398  0.748  0.441  0.216  1.000  1.0  0.317  Y   -1  0.040  (4,501,87,626)
 100  -0.872  0.018  0.293  0.633  0.445  0.224  1.000  1.0  0.327  Y   -1  0.040  (30,501,113,626)
