图片: A19
候选框数量: 100
权重: W_AES=0.29 W_CONTENT=0.2 W_THIRDS=0.22 W_CENTER=0.3 W_DEP=-0.25 W_CLIP_PEN=0.6 W_MISSING_PEN=-0.5

排名  final   aes    con    3rd    ctr    dep    pen    msg    rule   L  i    area   box
   1  0.412  0.894  0.895  0.791  0.943  1.000  0.000  0.0  0.876  Y    1  0.249  (242,222,537,443)
   2  0.390  0.849  0.901  0.816  0.910  1.000  0.000  0.0  0.935  N    1  0.249  (249,216,544,437)
   3  0.383  0.917  0.924  0.911  0.829  1.000  0.000  0.0  0.927  Y    1  0.358  (229,178,583,443)
   4  0.373  0.956  0.901  0.964  0.784  1.000  0.000  0.0  0.945  N    1  0.249  (204,222,499,443)
   5  0.364  0.903  0.892  0.958  0.797  1.000  0.000  0.0  0.862  Y    1  0.249  (293,222,588,443)
   6  0.363  0.877  0.914  0.907  0.794  0.944  0.033  0.0  0.850  N    2  0.249  (252,200,547,421)
   7  0.362  0.975  0.923  0.986  0.736  1.000  0.000  0.0  0.905  Y    1  0.358  (176,178,530,443)
   8  0.334  0.910  0.887  0.866  0.735  0.983  0.000  0.0  0.922  Y    1  0.358  (221,166,575,431)
   9  0.333  0.571  0.823  0.808  0.937  0.954  0.020  0.0  0.929  N    2  0.160  (288,246,524,423)
  10  0.297  0.873  0.860  0.956  0.658  0.891  0.073  0.0  0.712  N    2  0.160  (327,238,563,415)
  11  0.292  0.859  0.844  0.998  0.635  0.890  0.060  0.0  0.760  N    2  0.249  (296,196,591,417)
  12  0.280  0.404  0.788  0.582  0.999  1.000  0.000  0.0  0.927  N    1  0.160  (278,260,514,437)
  13  0.275  0.535  0.788  0.892  0.838  0.989  0.000  0.0  0.917  N    1  0.160  (314,260,550,437)
  14  0.263  0.324  0.777  0.685  0.983  0.928  0.060  0.0  0.760  N    2  0.122  (298,262,504,417)
  15  0.261  0.576  0.853  0.961  0.794  0.972  0.053  0.0  0.794  N    2  0.160  (246,241,482,418)
  16  0.243  0.410  0.818  0.897  0.829  1.000  0.000  0.0  0.936  N    1  0.160  (243,260,479,437)
  17  0.219  1.000  0.918  0.894  0.442  1.000  0.000  0.0  0.959  N    1  0.249  (163,212,458,433)
  18  0.203  0.800  0.918  0.958  0.491  1.000  0.000  0.0  0.965  N    1  0.358  (129,178,483,443)
  19  0.192  0.708  0.863  0.867  0.585  1.000  0.020  0.0  0.947  N    2  0.160  (221,246,457,423)
  20  0.187  0.254  0.797  0.923  0.818  0.978  0.040  0.0  0.828  N    2  0.122  (262,265,468,420)
  21  0.172  1.000  0.916  0.747  0.375  1.000  0.000  0.0  0.960  N    1  0.249  (149,222,444,443)
  22  0.138  0.729  0.824  0.786  0.410  0.906  0.033  0.0  0.822  N    2  0.160  (355,244,591,421)
  23  0.109  0.540  0.843  0.690  0.514  1.000  0.000  0.0  0.943  N    1  0.160  (211,265,447,442)
  24  0.106  0.000  0.795  0.931  0.826  1.000  0.067  0.0  0.744  N    2  0.122  (264,286,470,441)
  25  0.096  0.963  0.919  0.782  0.222  1.000  0.000  0.0  0.956  N    1  0.358  (76,178,430,443)
  26  0.065  0.551  0.786  0.577  0.436  0.972  0.000  0.0  0.905  N    1  0.160  (355,262,591,439)
  27  -0.009  0.469  0.845  0.621  0.373  1.000  0.047  0.0  0.820  N    2  0.122  (222,264,428,419)
  28  -0.015  0.586  0.895  0.724  0.280  0.999  0.067  0.0  0.770  N    2  0.160  (188,239,424,416)
  29  -0.025  0.639  0.866  0.495  0.247  1.000  0.026  0.0  0.882  N    2  0.160  (180,266,416,443)
  30  -0.416  0.146  1.000  0.836  0.921  0.139  1.000  1.0  0.312  Y   -1  0.040  (432,229,550,317)
  31  -0.425  0.472  0.925  0.720  0.969  0.299  1.000  1.0  0.440  Y   -1  0.062  (208,237,355,347)
  32  -0.437  0.068  0.975  0.855  0.894  0.115  1.000  1.0  0.360  Y   -1  0.040  (255,229,373,317)
  33  -0.449  0.510  0.906  0.923  0.669  0.123  1.000  1.0  0.394  Y   -1  0.062  (198,211,345,321)
  34  -0.451  0.592  0.928  0.823  0.905  0.370  1.000  1.0  0.522  Y   -1  0.089  (193,224,370,356)
  35  -0.469  0.310  0.907  0.983  0.747  0.155  1.000  1.0  0.326  Y   -1  0.062  (444,209,591,319)
  36  -0.483  0.658  0.771  0.948  0.647  0.190  1.000  1.0  0.487  Y   -1  0.089  (152,201,329,333)
  37  -0.494  0.763  0.846  0.924  0.739  0.369  1.000  1.0  0.585  Y   -1  0.122  (150,200,356,355)
  38  -0.501  0.437  0.843  0.884  0.652  0.142  1.000  1.0  0.486  Y   -1  0.089  (192,195,369,327)
  39  -0.510  0.655  0.913  0.926  0.835  0.470  1.000  1.0  0.479  Y   -1  0.089  (154,231,331,363)
  40  -0.520  0.657  0.734  0.853  0.565  0.152  1.000  1.0  0.518  Y   -1  0.122  (164,174,370,329)
  41  -0.532  0.480  0.835  0.984  0.744  0.328  1.000  1.0  0.371  Y   -1  0.062  (444,244,591,354)
  42  -0.543  0.724  0.761  0.943  0.651  0.340  1.000  1.0  0.559  Y   -1  0.122  (122,195,328,350)
  43  -0.546  0.738  0.805  0.888  0.693  0.396  1.000  1.0  0.600  Y   -1  0.160  (136,183,372,360)
  44  -0.578  0.792  0.759  0.890  0.613  0.393  1.000  1.0  0.582  Y   -1  0.160  (108,181,344,358)
  45  -0.582  0.758  0.596  0.901  0.440  0.161  1.000  1.0  0.442  Y   -1  0.160  (102,153,338,330)
  46  -0.582  0.707  0.898  0.872  0.888  0.669  1.000  1.0  0.586  Y   -1  0.122  (147,231,353,386)
  47  -0.611  0.536  0.867  0.646  0.989  0.680  1.000  1.0  0.481  Y   -1  0.089  (182,255,359,387)
  48  -0.618  0.755  0.503  0.878  0.372  0.126  1.000  1.0  0.342  Y   -1  0.249  (56,104,351,325)
  49  -0.628  0.644  0.898  0.904  0.855  0.708  1.000  1.0  0.610  Y   -1  0.160  (133,216,369,393)
  50  -0.640  0.730  0.501  0.925  0.402  0.197  1.000  1.0  0.429  Y   -1  0.249  (39,116,334,337)
  51  -0.642  0.605  0.894  0.943  0.763  0.639  1.000  1.0  0.611  Y   -1  0.160  (115,207,351,384)
  52  -0.650  0.539  0.897  0.964  0.746  0.614  1.000  1.0  0.598  Y   -1  0.122  (110,223,316,378)
  53  -0.651  0.686  0.715  0.915  0.545  0.414  1.000  1.0  0.593  Y   -1  0.160  (80,182,316,359)
  54  -0.651  0.438  0.871  0.801  0.934  0.699  1.000  1.0  0.502  Y   -1  0.089  (147,255,324,387)
  55  -0.652  0.354  0.798  0.953  0.674  0.424  1.000  1.0  0.476  Y   -1  0.089  (105,223,282,355)
  56  -0.672  0.611  0.502  0.918  0.454  0.252  1.000  1.0  0.524  Y   -1  0.160  (42,163,278,340)
  57  -0.678  0.337  0.725  0.969  0.634  0.405  1.000  1.0  0.467  Y   -1  0.089  (81,221,258,353)
  58  -0.679  0.657  0.447  0.921  0.385  0.203  1.000  1.0  0.434  Y   -1  0.249  (0,116,295,337)
  59  -0.681  0.160  0.849  0.792  0.939  0.623  1.000  1.0  0.408  Y   -1  0.062  (116,271,263,381)
  60  -0.686  0.685  0.720  0.803  0.569  0.483  1.000  1.0  0.630  Y   -1  0.249  (77,151,372,372)
  61  -0.687  0.408  0.646  0.971  0.693  0.480  1.000  1.0  0.457  Y   -1  0.089  (0,231,177,363)
  62  -0.693  0.466  0.550  0.941  0.458  0.255  1.000  1.0  0.540  Y   -1  0.160  (64,164,300,341)
  63  -0.693  0.280  0.877  0.887  0.881  0.682  1.000  1.0  0.515  Y   -1  0.089  (117,254,294,386)
  64  -0.699  0.498  0.467  0.934  0.471  0.259  1.000  1.0  0.523  Y   -1  0.160  (0,164,236,341)
  65  -0.704  0.136  0.827  0.720  0.973  0.664  1.000  1.0  0.417  Y   -1  0.062  (156,274,303,384)
  66  -0.707  0.421  0.586  0.980  0.533  0.355  1.000  1.0  0.555  Y   -1  0.122  (43,195,249,350)
  67  -0.708  0.333  0.714  0.969  0.658  0.482  1.000  1.0  0.468  Y   -1  0.089  (43,230,220,362)
  68  -0.711  0.416  0.788  0.899  0.588  0.475  1.000  1.0  0.583  Y   -1  0.122  (81,208,287,363)
  69  -0.712  0.431  0.568  0.961  0.591  0.411  1.000  1.0  0.553  Y   -1  0.122  (0,202,206,357)
  70  -0.722  0.457  0.828  0.830  0.910  0.816  1.000  1.0  0.692  N    0  0.040  (38,325,156,413)
  71  -0.737  0.746  0.836  0.816  0.931  1.000  1.000  1.0  0.905  N    0  0.122  (32,288,238,443)
  72  -0.753  0.428  0.835  0.755  0.956  0.893  1.000  1.0  0.633  N    0  0.089  (60,278,237,410)
  73  -0.757  0.746  0.841  0.867  0.874  1.000  1.000  1.0  0.823  N    0  0.089  (43,311,220,443)
  74  -0.761  0.256  0.852  0.596  0.998  0.841  1.000  1.0  0.685  N    0  0.040  (46,352,164,440)
  75  -0.767  0.708  0.937  0.936  0.813  1.000  1.000  1.0  0.887  Y    0  0.249  (45,222,340,443)
  76  -0.769  0.403  0.835  0.778  0.951  0.915  1.000  1.0  0.832  N    0  0.089  (33,278,210,410)
  77  -0.772  0.460  0.702  0.890  0.505  0.503  1.000  1.0  0.606  Y   -1  0.160  (31,191,267,368)
  78  -0.773  0.196  0.829  0.556  1.000  0.821  1.000  1.0  0.672  N    0  0.040  (5,355,123,443)
  79  -0.779  0.529  0.815  0.773  0.952  0.984  1.000  1.0  0.830  N    0  0.089  (39,288,216,420)
  80  -0.785  0.482  0.847  0.758  0.950  0.982  1.000  1.0  0.744  N    0  0.062  (37,333,184,443)
  81  -0.788  0.485  0.813  0.774  0.953  0.984  1.000  1.0  0.629  N    0  0.089  (60,291,237,423)
  82  -0.790  0.536  0.906  0.890  0.874  1.000  1.000  1.0  0.906  N    0  0.160  (7,266,243,443)
  83  -0.792  0.678  0.844  0.915  0.630  0.823  1.000  1.0  0.774  Y    0  0.249  (34,182,329,403)
  84  -0.793  0.526  0.848  0.831  0.912  1.000  1.000  1.0  0.899  N    0  0.122  (5,282,211,437)
  85  -0.793  0.515  0.815  0.900  0.809  0.902  1.000  1.0  0.755  N    0  0.062  (43,307,190,417)
  86  -0.793  0.540  0.921  0.913  0.854  1.000  1.000  1.0  0.916  N    0  0.160  (31,256,267,433)
  87  -0.795  0.380  0.885  0.904  0.861  0.919  1.000  1.0  0.916  N    0  0.122  (29,254,235,409)
  88  -0.797  0.437  0.670  0.879  0.504  0.527  1.000  1.0  0.603  Y   -1  0.160  (0,194,236,371)
  89  -0.805  0.336  0.829  0.816  0.915  0.927  1.000  1.0  0.824  N    0  0.089  (4,279,181,411)
  90  -0.809  0.543  0.921  0.946  0.810  1.000  1.000  1.0  0.923  N    0  0.160  (39,243,275,420)
  91  -0.810  0.519  0.912  0.915  0.832  1.000  1.000  1.0  0.908  N    0  0.160  (0,256,236,433)
  92  -0.829  0.450  0.886  0.895  0.841  1.000  1.000  1.0  0.905  N    0  0.122  (0,262,206,417)
  93  -0.833  0.732  0.922  0.885  0.678  1.000  1.000  1.0  0.936  Y    0  0.358  (0,178,354,443)
  94  -0.836  0.399  0.804  0.908  0.784  0.907  1.000  1.0  0.746  N    0  0.062  (7,306,154,416)
  95  -0.842  0.438  0.837  0.876  0.843  1.000  1.000  1.0  0.811  N    0  0.089  (0,311,177,443)
  96  -0.848  0.215  0.838  0.763  0.948  0.980  1.000  1.0  0.734  N    0  0.062  (0,333,147,443)
  97  -0.854  0.060  0.796  0.908  0.812  0.810  1.000  1.0  0.684  N    0  0.040  (3,321,121,409)
  98  -0.857  0.431  0.907  0.930  0.773  0.999  1.000  1.0  0.913  N    0  0.160  (0,240,236,417)
  99  -0.888  0.482  0.896  0.893  0.630  0.940  1.000  1.0  0.927  Y    0  0.249  (0,193,295,414)
 100  -0.891  0.411  0.930  0.926  0.701  1.000  1.000  1.0  0.921  Y    0  0.249  (1,211,296,432)
