图片: A20
候选框数量: 100
权重: W_AES=0.29 W_CONTENT=0.2 W_THIRDS=0.22 W_CENTER=0.3 W_DEP=-0.25 W_CLIP_PEN=0.6 W_MISSING_PEN=-0.5

排名  final   aes    con    3rd    ctr    dep    pen    msg    rule   L  i    area   box
   1  0.867  0.967  1.000  0.789  0.946  0.309  0.000  0.0  0.646  Y   -1  0.249  (43,30,356,238)
   2  0.867  0.978  1.000  0.776  0.947  0.309  0.000  0.0  0.696  Y   -1  0.360  (0,0,376,250)
   3  0.858  1.000  1.000  0.713  0.970  0.317  0.000  0.0  0.705  Y   -1  0.360  (59,0,435,250)
   4  0.850  0.921  1.000  0.734  0.968  0.252  0.000  0.0  0.665  Y   -1  0.249  (128,34,441,242)
   5  0.839  0.832  1.000  0.819  0.929  0.253  0.000  0.0  0.590  Y   -1  0.159  (228,72,478,238)
   6  0.838  0.980  1.000  0.640  0.992  0.294  0.000  0.0  0.690  Y   -1  0.249  (84,38,397,246)
   7  0.826  0.954  0.997  0.666  0.987  0.353  0.000  0.0  0.701  Y   -1  0.249  (50,57,363,265)
   8  0.823  0.988  1.000  0.574  0.999  0.297  0.000  0.0  0.675  Y   -1  0.249  (122,52,435,260)
   9  0.823  0.945  1.000  0.647  0.991  0.329  0.000  0.0  0.693  Y   -1  0.249  (34,48,347,256)
  10  0.816  0.883  0.966  0.649  0.990  0.219  0.000  0.0  0.649  Y   -1  0.159  (160,79,410,245)
  11  0.815  0.863  1.000  0.715  0.975  0.315  0.000  0.0  0.690  Y   -1  0.360  (90,4,466,254)
  12  0.814  0.739  1.000  0.861  0.898  0.259  0.000  0.0  0.609  Y   -1  0.249  (120,0,433,208)
  13  0.814  0.774  1.000  0.813  0.934  0.285  0.000  0.0  0.612  Y   -1  0.249  (192,32,505,240)
  14  0.813  0.895  0.949  0.720  0.969  0.334  0.000  0.0  0.658  Y   -1  0.159  (78,99,328,265)
  15  0.813  0.869  1.000  0.709  0.976  0.335  0.000  0.0  0.602  Y   -1  0.249  (212,60,525,268)
  16  0.810  0.804  1.000  0.772  0.954  0.312  0.000  0.0  0.652  Y   -1  0.360  (146,4,522,254)
  17  0.806  0.914  0.965  0.626  0.994  0.298  0.000  0.0  0.661  Y   -1  0.159  (103,90,353,256)
  18  0.802  0.882  0.970  0.620  0.995  0.255  0.000  0.0  0.662  Y   -1  0.159  (119,82,369,248)
  19  0.798  0.819  0.990  0.717  0.974  0.327  0.000  0.0  0.593  Y   -1  0.159  (236,101,486,267)
  20  0.794  0.788  1.000  0.733  0.969  0.322  0.000  0.0  0.637  Y   -1  0.360  (202,4,578,254)
  21  0.792  0.884  1.000  0.589  0.998  0.303  0.000  0.0  0.651  Y   -1  0.159  (76,82,326,248)
  22  0.789  0.847  0.906  0.678  0.984  0.277  0.000  0.0  0.642  Y   -1  0.121  (121,112,340,257)
  23  0.787  0.724  1.000  0.789  0.935  0.302  0.000  0.0  0.613  Y   -1  0.249  (0,21,313,229)
  24  0.785  0.807  0.916  0.771  0.950  0.356  0.000  0.0  0.668  Y   -1  0.159  (105,106,355,272)
  25  0.785  0.912  0.987  0.585  0.999  0.371  0.000  0.0  0.741  Y   -1  0.360  (2,23,378,273)
  26  0.783  0.681  1.000  0.732  0.968  0.192  0.000  0.0  0.624  Y   -1  0.159  (161,57,411,223)
  27  0.781  0.880  1.000  0.577  0.999  0.338  0.000  0.0  0.741  Y   -1  0.249  (0,56,313,264)
  28  0.781  0.707  0.965  0.698  0.979  0.166  0.000  0.0  0.592  Y   -1  0.121  (168,75,387,220)
  29  0.779  0.811  0.969  0.663  0.987  0.316  0.000  0.0  0.652  Y   -1  0.159  (65,90,315,256)
  30  0.779  0.810  0.989  0.638  0.992  0.304  0.000  0.0  0.644  Y   -1  0.159  (47,82,297,248)
  31  0.776  0.762  0.914  0.795  0.939  0.351  0.000  0.0  0.658  Y   -1  0.159  (65,106,315,272)
  32  0.771  0.645  1.000  0.748  0.964  0.212  0.000  0.0  0.600  Y   -1  0.159  (172,46,422,212)
  33  0.771  0.759  1.000  0.664  0.988  0.306  0.000  0.0  0.645  Y   -1  0.159  (65,73,315,239)
  34  0.769  0.797  0.904  0.655  0.989  0.265  0.000  0.0  0.647  Y   -1  0.121  (171,111,390,256)
  35  0.768  0.632  1.000  0.809  0.935  0.276  0.000  0.0  0.623  Y   -1  0.249  (178,25,491,233)
  36  0.765  0.761  0.922  0.689  0.982  0.293  0.000  0.0  0.661  Y   -1  0.159  (150,96,400,262)
  37  0.763  0.687  1.000  0.677  0.984  0.237  0.000  0.0  0.619  Y   -1  0.121  (113,82,332,227)
  38  0.763  0.618  1.000  0.741  0.965  0.198  0.000  0.0  0.616  Y   -1  0.121  (208,88,427,233)
  39  0.762  0.643  1.000  0.708  0.977  0.208  0.000  0.0  0.616  Y   -1  0.159  (178,57,428,223)
  40  0.761  0.690  0.989  0.664  0.987  0.225  0.000  0.0  0.635  Y   -1  0.159  (184,77,434,243)
  41  0.755  0.681  1.000  0.688  0.980  0.286  0.000  0.0  0.632  Y   -1  0.249  (178,45,491,253)
  42  0.751  0.714  0.947  0.709  0.973  0.337  0.000  0.0  0.637  Y   -1  0.159  (195,104,445,270)
  43  0.745  0.554  1.000  0.846  0.911  0.298  0.000  0.0  0.613  Y   -1  0.249  (178,4,491,212)
  44  0.741  0.535  1.000  0.865  0.900  0.307  0.000  0.0  0.582  Y   -1  0.249  (224,25,537,233)
  45  0.733  0.698  0.948  0.621  0.995  0.285  0.000  0.0  0.630  Y   -1  0.121  (86,105,305,250)
  46  0.726  0.685  0.967  0.569  0.999  0.244  0.000  0.0  0.623  Y   -1  0.121  (208,105,427,250)
  47  0.718  0.671  1.000  0.566  1.000  0.293  0.000  0.0  0.615  Y   -1  0.121  (77,85,296,230)
  48  0.715  0.490  1.000  0.754  0.951  0.241  0.000  0.0  0.599  Y   -1  0.159  (209,62,459,228)
  49  0.712  0.587  0.949  0.690  0.981  0.300  0.000  0.0  0.643  Y   -1  0.159  (28,92,278,258)
  50  0.708  0.523  1.000  0.678  0.983  0.248  0.000  0.0  0.589  Y   -1  0.121  (239,101,458,246)
  51  0.706  0.547  0.878  0.759  0.959  0.276  0.000  0.0  0.622  Y   -1  0.121  (43,112,262,257)
  52  0.684  0.498  0.924  0.706  0.974  0.285  0.000  0.0  0.677  Y   -1  0.159  (4,92,254,258)
  53  0.684  0.494  1.000  0.657  0.988  0.302  0.000  0.0  0.590  Y   -1  0.121  (46,79,265,224)
  54  0.669  0.514  0.992  0.575  0.999  0.285  0.000  0.0  0.675  Y   -1  0.159  (12,79,262,245)
  55  0.660  0.789  0.827  0.854  0.895  1.000  0.000  0.0  0.948  N    0  0.360  (181,167,557,417)
  56  0.644  0.361  0.859  0.757  0.949  0.250  0.000  0.0  0.612  Y   -1  0.121  (7,113,226,258)
  57  0.627  0.330  0.988  0.634  0.993  0.276  0.000  0.0  0.712  Y   -1  0.121  (3,81,222,226)
  58  0.615  0.731  0.828  0.965  0.786  1.000  0.050  0.0  0.947  N    0  0.360  (130,167,506,417)
  59  0.561  0.778  0.810  0.950  0.812  1.000  0.134  0.0  0.835  Y    0  0.360  (242,167,618,417)
  60  0.524  0.692  0.833  0.987  0.733  1.000  0.146  0.0  0.837  N    0  0.249  (165,180,478,388)
  61  0.523  0.743  0.850  0.870  0.657  1.000  0.112  0.0  0.879  N    0  0.249  (215,172,528,380)
  62  0.519  0.561  0.814  0.878  0.887  1.000  0.090  0.0  0.869  N    0  0.249  (217,195,530,403)
  63  0.462  0.458  0.761  0.767  0.955  1.000  0.081  0.0  0.875  N    0  0.249  (203,209,516,417)
  64  0.438  0.724  0.847  0.844  0.607  1.000  0.191  0.0  0.789  N    0  0.249  (260,171,573,379)
  65  0.432  0.447  0.746  0.845  0.905  1.000  0.128  0.0  0.841  N    0  0.249  (170,209,483,417)
  66  0.410  0.653  0.814  0.981  0.754  1.000  0.275  0.0  0.716  N    0  0.249  (140,186,453,394)
  67  0.409  0.461  0.777  0.936  0.833  1.000  0.189  0.0  0.794  N    0  0.249  (156,196,469,404)
  68  0.394  0.408  0.761  0.702  0.976  1.000  0.128  0.0  0.823  N    0  0.249  (239,209,552,417)
  69  0.386  0.802  0.872  0.690  0.468  0.905  0.226  0.0  0.769  N    0  0.249  (194,147,507,355)
  70  0.363  0.754  0.814  0.916  0.654  1.000  0.329  0.0  0.615  Y    0  0.360  (68,167,444,417)
  71  0.362  0.383  0.752  0.792  0.938  1.000  0.181  0.0  0.726  Y    0  0.249  (264,209,577,417)
  72  0.361  0.364  0.758  0.911  0.859  0.928  0.218  0.0  0.751  N    0  0.159  (249,220,499,386)
  73  0.331  0.664  0.855  0.847  0.435  0.930  0.280  0.0  0.695  N    0  0.249  (279,157,592,365)
  74  0.327  0.291  0.737  0.835  0.917  0.919  0.213  0.0  0.749  N    0  0.159  (265,226,515,392)
  75  0.325  0.751  0.879  0.587  0.443  0.898  0.242  0.0  0.748  N    0  0.249  (221,147,534,355)
  76  0.319  0.697  0.846  0.944  0.482  0.915  0.359  0.0  0.652  N    0  0.249  (133,150,446,358)
  77  0.315  0.477  0.776  0.990  0.632  1.000  0.288  0.0  0.628  Y    0  0.249  (303,186,616,394)
  78  0.311  0.336  0.691  0.732  0.969  0.900  0.218  0.0  0.745  N    0  0.159  (249,237,499,403)
  79  0.309  0.370  0.806  0.960  0.729  0.922  0.288  0.0  0.699  N    0  0.159  (225,205,475,371)
  80  0.299  0.235  0.718  0.783  0.944  0.871  0.218  0.0  0.739  N    0  0.159  (249,251,499,417)
  81  0.297  0.328  0.753  0.869  0.896  0.918  0.279  0.0  0.702  N    0  0.159  (218,224,468,390)
  82  0.273  0.440  0.724  0.900  0.816  1.000  0.323  0.0  0.661  N    0  0.249  (132,209,445,417)
  83  0.273  0.287  0.691  0.781  0.939  0.894  0.260  0.0  0.713  N    0  0.159  (225,238,475,404)
  84  0.265  0.393  0.718  0.974  0.753  1.000  0.325  0.0  0.703  Y    0  0.249  (314,209,627,417)
  85  0.261  0.404  0.756  0.874  0.894  0.917  0.360  0.0  0.637  N    0  0.159  (195,219,445,385)
  86  0.253  0.249  0.712  0.921  0.850  0.912  0.302  0.0  0.658  N    0  0.159  (307,226,557,392)
  87  0.250  0.190  0.703  0.642  0.992  0.879  0.216  0.0  0.736  N    0  0.159  (272,248,522,414)
  88  0.246  0.214  0.682  0.692  0.981  0.899  0.237  0.0  0.717  N    0  0.159  (286,237,536,403)
  89  0.242  0.207  0.682  0.844  0.915  0.823  0.298  0.0  0.679  N    0  0.121  (276,239,495,384)
  90  0.239  0.554  0.851  0.710  0.537  0.888  0.334  0.0  0.651  N    0  0.159  (272,192,522,358)
  91  0.223  0.136  0.762  0.931  0.839  0.750  0.345  0.0  0.626  N    0  0.121  (248,266,467,411)
  92  0.219  0.379  0.686  0.871  0.896  0.884  0.391  0.0  0.603  N    0  0.159  (188,238,438,404)
  93  0.193  0.218  0.717  0.774  0.945  0.796  0.361  0.0  0.620  N    0  0.121  (243,248,462,393)
  94  0.193  0.161  0.685  0.777  0.950  0.871  0.315  0.0  0.597  Y    0  0.159  (311,251,561,417)
  95  0.183  0.066  0.777  0.880  0.877  0.738  0.363  0.0  0.666  N    0  0.121  (284,272,503,417)
  96  0.169  0.276  0.765  0.843  0.574  0.905  0.341  0.0  0.631  N    0  0.159  (307,203,557,369)
  97  0.164  0.157  0.671  0.841  0.913  0.805  0.377  0.0  0.584  N    0  0.121  (329,248,548,393)
  98  0.154  0.241  0.713  0.866  0.659  0.840  0.376  0.0  0.597  N    0  0.121  (317,224,536,369)
  99  0.105  0.004  0.718  0.751  0.962  0.720  0.398  0.0  0.512  N    0  0.090  (308,258,496,383)
 100  0.088  0.000  0.741  0.842  0.916  0.746  0.442  0.0  0.585  N    0  0.121  (326,272,545,417)
