图片: B02
候选框数量: 100
权重: W_AES=0.29 W_CONTENT=0.2 W_THIRDS=0.22 W_CENTER=0.3 W_DEP=-0.25 W_CLIP_PEN=0.6 W_MISSING_PEN=-0.5

排名  final   aes    con    3rd    ctr    dep    pen    msg    rule   L  i    area   box
   1  0.861  0.958  0.976  0.929  0.839  0.419  0.000  0.0  0.554  Y   -1  0.250  (248,26,496,289)
   2  0.858  0.950  0.943  0.980  0.754  0.379  0.000  0.0  0.570  Y   -1  0.250  (248,0,496,263)
   3  0.829  0.799  0.971  0.941  0.773  0.254  0.000  0.0  0.514  Y   -1  0.159  (289,29,487,239)
   4  0.813  0.738  0.965  0.974  0.767  0.277  0.000  0.0  0.527  Y   -1  0.159  (236,40,434,250)
   5  0.791  0.688  0.944  0.973  0.731  0.242  0.000  0.0  0.524  Y   -1  0.159  (265,25,463,235)
   6  0.784  0.998  0.581  0.931  0.667  0.307  0.000  0.0  0.960  N    1  0.250  (123,0,371,263)
   7  0.775  0.986  0.467  0.833  0.921  0.309  0.000  0.0  0.948  N    1  0.250  (86,0,334,263)
   8  0.762  0.981  0.344  0.933  0.837  0.312  0.000  0.0  0.933  N    1  0.250  (40,0,288,263)
   9  0.759  0.651  0.872  0.919  0.732  0.187  0.000  0.0  0.398  Y   -1  0.159  (291,2,489,212)
  10  0.749  0.702  0.764  0.959  0.637  0.184  0.000  0.0  0.398  Y   -1  0.159  (244,0,442,210)
  11  0.742  0.624  0.836  0.941  0.684  0.182  0.000  0.0  0.389  Y   -1  0.159  (272,0,470,210)
  12  0.739  0.828  0.493  0.893  0.863  0.294  0.000  0.0  0.956  N    1  0.159  (122,41,320,251)
  13  0.736  0.640  0.773  0.894  0.714  0.126  0.000  0.0  0.242  Y   -1  0.122  (297,7,470,191)
  14  0.724  0.599  0.782  0.870  0.744  0.118  0.000  0.0  0.219  Y   -1  0.122  (316,5,489,189)
  15  0.723  1.000  0.696  0.788  0.438  0.305  0.000  0.0  0.952  N    1  0.250  (148,0,396,263)
  16  0.693  0.792  0.591  0.855  0.669  0.327  0.000  0.0  0.965  N    1  0.159  (140,54,338,264)
  17  0.687  0.646  0.690  0.870  0.562  0.123  0.000  0.0  0.237  Y   -1  0.122  (259,5,432,189)
  18  0.683  0.792  0.549  0.867  0.578  0.260  0.000  0.0  0.960  N    1  0.159  (145,30,343,240)
  19  0.683  0.667  0.500  0.880  0.861  0.294  0.000  0.0  0.958  N    1  0.122  (132,64,305,248)
  20  0.680  0.664  0.345  0.928  0.838  0.190  0.000  0.0  0.937  N    1  0.122  (98,36,271,220)
  21  0.672  0.728  0.400  0.778  0.946  0.273  0.000  0.0  0.942  N    1  0.159  (84,36,282,246)
  22  0.663  0.758  0.423  0.954  0.478  0.210  0.000  0.0  0.927  N    1  0.122  (154,33,327,217)
  23  0.662  0.749  0.362  0.909  0.677  0.263  0.000  0.0  0.932  N    1  0.159  (54,35,252,245)
  24  0.657  0.588  0.375  0.990  0.724  0.198  0.000  0.0  0.909  N    1  0.122  (130,32,303,216)
  25  0.653  0.725  0.420  0.920  0.651  0.327  0.000  0.0  0.942  N    1  0.122  (71,76,244,260)
  26  0.629  0.663  0.413  0.689  0.980  0.303  0.000  0.0  0.949  N    1  0.122  (102,67,275,251)
  27  0.622  0.664  0.358  0.923  0.507  0.175  0.000  0.0  0.928  N    1  0.122  (63,38,236,222)
  28  0.607  0.528  0.528  0.899  0.448  0.103  0.000  0.0  0.204  Y   -1  0.122  (227,0,400,184)
  29  0.589  0.950  0.827  0.544  0.277  0.336  0.047  0.0  0.930  N    1  0.250  (171,13,419,276)
  30  0.583  0.504  0.562  0.993  0.708  0.652  0.000  0.0  0.928  N    0  0.250  (0,237,248,500)
  31  0.573  0.486  0.592  0.929  0.811  0.714  0.000  0.0  0.936  N    0  0.250  (0,211,248,474)
  32  0.555  0.454  0.691  0.816  0.926  0.718  0.018  0.0  0.935  N    0  0.159  (0,214,198,424)
  33  0.545  0.676  0.357  0.732  0.456  0.261  0.000  0.0  0.926  N    1  0.159  (35,36,233,246)
  34  0.534  0.680  0.658  0.547  0.388  0.287  0.000  0.0  0.965  N    1  0.122  (168,62,341,246)
  35  0.526  0.523  0.526  0.948  0.624  0.802  0.000  0.0  0.936  N    0  0.359  (0,211,297,527)
  36  0.512  0.239  0.654  0.794  0.943  0.590  0.000  0.0  0.928  N    0  0.159  (0,238,198,448)
  37  0.491  0.446  0.543  0.872  0.687  0.820  0.000  0.0  0.944  N    0  0.359  (0,185,297,501)
  38  0.490  0.065  0.653  0.950  0.807  0.512  0.000  0.0  0.921  N    0  0.159  (0,259,198,469)
  39  0.458  0.331  0.796  0.905  0.362  0.794  0.000  0.0  0.933  N    3  0.250  (248,220,496,483)
  40  0.440  0.264  0.744  0.870  0.460  0.757  0.000  0.0  0.923  N    3  0.159  (289,262,487,472)
  41  0.439  0.327  0.874  0.823  0.259  0.737  0.000  0.0  0.946  N    3  0.250  (239,189,487,452)
  42  0.438  0.319  0.836  0.782  0.350  0.715  0.000  0.0  0.917  N    3  0.159  (296,226,494,436)
  43  0.435  0.025  0.504  0.947  0.817  0.583  0.000  0.0  0.905  N    3  0.122  (294,343,467,527)
  44  0.432  0.254  0.663  0.910  0.503  0.805  0.000  0.0  0.928  N    3  0.250  (223,264,471,527)
  45  0.420  0.231  0.710  0.879  0.487  0.817  0.000  0.0  0.924  N    3  0.250  (248,252,496,515)
  46  0.419  0.103  0.764  0.948  0.461  0.737  0.000  0.0  0.926  N    3  0.122  (292,278,465,462)
  47  0.415  0.310  0.844  0.763  0.246  0.695  0.000  0.0  0.924  N    3  0.159  (262,225,460,435)
  48  0.409  0.389  0.782  0.722  0.247  0.737  0.000  0.0  0.943  N    3  0.250  (201,217,449,480)
  49  0.402  0.194  0.747  0.655  0.989  0.594  0.103  0.0  0.910  N    2  0.122  (8,239,181,423)
  50  0.401  0.964  0.529  0.935  0.830  0.320  0.500  0.0  0.955  N    1  0.250  (105,4,353,267)
  51  0.399  0.048  0.566  0.949  0.641  0.713  0.000  0.0  0.915  N    3  0.122  (297,308,470,492)
  52  0.397  0.186  0.788  0.850  0.317  0.728  0.000  0.0  0.937  N    3  0.159  (261,247,459,457)
  53  0.396  0.051  0.653  0.971  0.520  0.748  0.000  0.0  0.923  N    3  0.159  (266,287,464,497)
  54  0.391  0.252  0.762  0.785  0.294  0.717  0.000  0.0  0.919  N    3  0.159  (247,254,445,464)
  55  0.388  0.015  0.479  0.966  0.699  0.707  0.000  0.0  0.911  N    3  0.159  (276,317,474,527)
  56  0.382  0.000  0.471  0.941  0.737  0.705  0.000  0.0  0.904  N    3  0.159  (296,317,494,527)
  57  0.377  0.048  0.579  0.859  0.659  0.723  0.000  0.0  0.910  N    3  0.122  (316,305,489,489)
  58  0.373  0.131  0.761  0.725  0.527  0.743  0.000  0.0  0.915  N    3  0.122  (323,279,496,463)
  59  0.364  0.860  0.644  0.945  0.770  0.425  0.500  0.0  0.967  N    1  0.250  (114,35,362,298)
  60  0.363  0.016  0.674  0.854  0.585  0.762  0.000  0.0  0.914  N    3  0.159  (298,285,496,495)
  61  0.337  0.871  0.744  0.912  0.583  0.455  0.500  0.0  0.973  N    1  0.250  (130,49,378,312)
  62  0.334  0.899  0.815  0.945  0.422  0.490  0.500  0.0  0.976  N    1  0.250  (139,69,387,332)
  63  0.328  0.707  0.604  0.974  0.517  0.875  0.317  0.0  0.958  N    0  0.250  (0,138,248,401)
  64  0.303  0.890  0.416  0.696  0.979  0.370  0.500  0.0  0.944  N    1  0.250  (61,13,309,276)
  65  0.296  0.757  0.413  0.967  0.783  0.406  0.500  0.0  0.946  N    1  0.159  (67,68,265,278)
  66  0.290  0.766  0.409  0.799  0.941  0.343  0.500  0.0  0.947  N    1  0.159  (81,57,279,267)
  67  0.282  0.042  0.591  0.853  0.557  0.434  0.163  0.0  0.912  N    4  0.159  (0,290,198,500)
  68  0.279  0.994  0.843  0.599  0.429  0.439  0.500  0.0  0.954  N    1  0.359  (143,0,440,316)
  69  0.278  0.676  0.481  0.842  0.911  0.363  0.500  0.0  0.959  N    1  0.159  (112,63,310,273)
  70  0.266  0.697  0.729  0.946  0.424  0.412  0.500  0.0  0.978  N    1  0.159  (150,86,348,296)
  71  0.244  0.636  0.614  0.978  0.532  0.458  0.500  0.0  0.974  N    1  0.159  (127,97,325,307)
  72  0.230  0.765  0.569  0.877  0.369  0.849  0.393  0.0  0.952  N    1  0.250  (1,103,249,366)
  73  0.226  0.487  0.525  0.991  0.694  0.378  0.500  0.0  0.966  N    1  0.122  (130,93,303,277)
  74  0.216  0.605  0.605  0.956  0.791  0.780  0.500  0.0  0.944  N    0  0.250  (0,184,248,447)
  75  0.196  0.786  0.846  0.829  0.258  0.727  0.500  0.0  0.996  N    1  0.359  (99,118,396,434)
  76  0.180  0.514  0.457  0.905  0.661  0.432  0.500  0.0  0.958  N    1  0.122  (97,101,270,285)
  77  0.161  0.726  0.303  0.753  0.507  0.343  0.500  0.0  0.922  N    1  0.250  (0,7,248,270)
  78  0.150  0.478  0.676  0.864  0.355  0.392  0.500  0.0  0.978  N    1  0.122  (155,105,328,289)
  79  0.148  0.620  0.527  0.734  0.578  0.514  0.500  0.0  0.966  N    1  0.159  (96,103,294,313)
  80  0.142  0.537  0.584  0.913  0.666  0.846  0.500  0.0  0.953  N    0  0.359  (0,153,297,469)
  81  0.141  0.727  0.398  0.756  0.355  0.409  0.500  0.0  0.933  N    1  0.159  (27,67,225,277)
  82  0.123  0.729  0.618  0.777  0.300  0.732  0.500  0.0  0.976  N    1  0.250  (59,122,307,385)
  83  0.118  0.763  0.546  0.799  0.249  0.730  0.500  0.0  0.956  N    1  0.250  (34,83,282,346)
  84  0.112  0.887  0.414  0.665  0.144  0.511  0.500  0.0  0.943  N    1  0.250  (35,38,283,301)
  85  0.108  0.675  0.851  0.622  0.146  0.566  0.500  0.0  0.971  N    1  0.250  (133,125,381,388)
  86  0.108  0.729  0.534  0.817  0.300  0.790  0.500  0.0  0.945  N    1  0.250  (0,82,248,345)
  87  0.100  0.787  0.713  0.574  0.166  0.603  0.500  0.0  0.985  N    1  0.250  (102,106,350,369)
  88  0.100  0.932  0.560  0.502  0.112  0.522  0.500  0.0  0.953  N    1  0.359  (54,0,351,316)
  89  0.098  0.866  0.571  0.583  0.156  0.604  0.500  0.0  0.964  N    1  0.250  (71,70,319,333)
  90  0.085  0.950  0.715  0.320  0.073  0.470  0.500  0.0  0.968  N    1  0.359  (99,0,396,316)
  91  0.080  0.760  0.413  0.711  0.199  0.589  0.500  0.0  0.935  N    1  0.250  (2,46,250,309)
  92  0.080  0.452  0.503  0.834  0.341  0.483  0.500  0.0  0.949  N    1  0.122  (63,108,236,292)
  93  0.076  0.658  0.474  0.746  0.188  0.540  0.500  0.0  0.943  N    1  0.159  (37,89,235,299)
  94  0.070  0.871  0.511  0.487  0.108  0.491  0.500  0.0  0.957  N    1  0.250  (73,43,321,306)
  95  0.065  0.479  0.634  0.835  0.314  0.730  0.500  0.0  0.951  N    1  0.159  (32,122,230,332)
  96  0.063  0.812  0.650  0.467  0.127  0.566  0.500  0.0  0.973  N    1  0.250  (95,74,343,337)
  97  0.063  0.444  0.710  0.755  0.450  0.774  0.500  0.0  0.588  Y    2  0.359  (54,150,351,466)
  98  0.028  0.559  0.488  0.692  0.169  0.540  0.500  0.0  0.952  N    1  0.159  (61,95,259,305)
  99  0.003  0.513  0.576  0.616  0.178  0.576  0.500  0.0  0.969  N    1  0.159  (90,119,288,329)
 100  -0.027  0.344  0.871  0.579  0.168  0.694  0.500  0.0  0.958  N    3  0.250  (205,183,453,446)
