图片: B03
候选框数量: 100
权重: W_AES=0.29 W_CONTENT=0.2 W_THIRDS=0.22 W_CENTER=0.3 W_DEP=-0.25 W_CLIP_PEN=0.6 W_MISSING_PEN=-0.5

排名  final   aes    con    3rd    ctr    dep    pen    msg    rule   L  i    area   box
   1  0.819  0.880  0.943  0.992  0.563  0.291  0.000  0.0  0.920  N    0  0.250  (0,0,313,209)
   2  0.793  0.637  0.937  0.961  0.794  0.178  0.000  0.0  0.784  N    0  0.159  (0,3,250,170)
   3  0.785  0.613  0.933  0.948  0.815  0.174  0.000  0.0  0.753  N    0  0.159  (0,0,250,167)
   4  0.777  0.586  0.934  0.954  0.804  0.173  0.000  0.0  0.746  N    0  0.159  (3,0,253,167)
   5  0.777  0.585  0.934  0.952  0.808  0.173  0.000  0.0  0.748  N    0  0.159  (2,0,252,167)
   6  0.773  0.710  0.973  0.964  0.561  0.228  0.000  0.0  0.913  N    0  0.159  (0,25,250,192)
   7  0.767  0.908  0.942  0.986  0.533  0.291  0.069  0.0  0.860  N    0  0.250  (10,0,323,209)
   8  0.734  0.461  0.931  0.975  0.759  0.168  0.000  0.0  0.803  N    0  0.122  (0,21,219,167)
   9  0.734  0.531  0.895  0.805  0.936  0.162  0.000  0.0  0.568  N    0  0.122  (0,1,219,147)
  10  0.727  0.798  0.950  0.916  0.399  0.370  0.000  0.0  0.928  N    0  0.250  (0,21,313,230)
  11  0.696  0.862  0.860  0.908  0.396  0.542  0.000  0.0  0.936  N    0  0.359  (0,0,376,250)
  12  0.692  0.437  0.808  0.943  0.797  0.210  0.000  0.0  0.474  Y   -1  0.090  (190,59,378,184)
  13  0.678  0.488  0.715  0.949  0.774  0.265  0.000  0.0  0.606  Y   -1  0.122  (210,53,429,199)
  14  0.676  0.445  0.816  0.862  0.900  0.297  0.000  0.0  0.523  Y   -1  0.090  (208,79,396,204)
  15  0.665  0.424  0.885  0.905  0.857  0.152  0.062  0.0  0.525  N    0  0.090  (9,24,197,149)
  16  0.662  0.690  0.587  0.862  0.628  0.283  0.000  0.0  0.664  Y   -1  0.250  (187,0,500,209)
  17  0.660  0.522  0.602  0.937  0.805  0.311  0.000  0.0  0.631  Y   -1  0.159  (238,45,488,212)
  18  0.656  0.401  0.673  0.941  0.801  0.199  0.000  0.0  0.477  Y   -1  0.090  (242,58,430,183)
  19  0.648  0.549  0.662  0.873  0.629  0.207  0.000  0.0  0.590  Y   -1  0.159  (189,21,439,188)
  20  0.646  0.370  0.873  0.743  0.965  0.262  0.000  0.0  0.414  Y   -1  0.062  (210,90,366,194)
  21  0.642  0.834  0.686  0.814  0.934  1.000  0.000  0.0  0.672  Y    1  0.359  (125,123,501,373)
  22  0.641  0.448  0.635  0.929  0.746  0.243  0.000  0.0  0.588  Y   -1  0.122  (241,49,460,195)
  23  0.640  0.670  0.559  0.830  0.626  0.282  0.000  0.0  0.667  Y   -1  0.250  (203,0,516,209)
  24  0.636  0.400  0.728  0.818  0.931  0.296  0.000  0.0  0.524  Y   -1  0.090  (235,80,423,205)
  25  0.630  0.402  0.829  0.602  0.997  0.163  0.000  0.0  0.328  N    0  0.090  (0,8,188,133)
  26  0.628  0.670  0.528  0.815  0.620  0.281  0.000  0.0  0.662  Y   -1  0.250  (223,0,536,209)
  27  0.625  0.568  0.581  0.836  0.609  0.198  0.000  0.0  0.581  Y   -1  0.159  (227,20,477,187)
  28  0.625  0.786  0.693  0.801  0.940  1.000  0.000  0.0  0.683  Y    1  0.359  (111,125,487,375)
  29  0.605  0.381  0.543  0.923  0.799  0.270  0.000  0.0  0.591  Y   -1  0.122  (295,56,514,202)
  30  0.600  0.600  0.589  0.785  0.412  0.114  0.000  0.0  0.421  Y   -1  0.159  (188,0,438,167)
  31  0.598  0.704  0.758  0.879  0.728  0.984  0.000  0.0  0.526  Y    1  0.250  (123,121,436,330)
  32  0.597  0.611  0.945  0.943  0.689  0.169  0.213  0.0  0.568  N    0  0.159  (31,0,281,167)
  33  0.596  0.608  0.519  0.801  0.423  0.112  0.000  0.0  0.413  Y   -1  0.159  (221,0,471,167)
  34  0.593  0.769  0.529  0.838  0.918  1.000  0.000  0.0  0.661  N    1  0.359  (125,168,501,418)
  35  0.589  1.000  0.691  0.670  0.512  0.924  0.000  0.0  0.531  Y    1  0.359  (223,67,599,317)
  36  0.588  0.755  0.598  0.673  0.985  0.883  0.000  0.0  0.526  N    1  0.250  (142,171,455,380)
  37  0.586  0.744  0.542  0.829  0.924  1.000  0.000  0.0  0.691  N    1  0.359  (111,168,487,418)
  38  0.583  0.588  0.723  0.849  0.912  0.957  0.000  0.0  0.567  N    1  0.250  (103,148,416,357)
  39  0.581  0.257  0.609  0.888  0.882  0.278  0.000  0.0  0.506  Y   -1  0.090  (282,77,470,202)
  40  0.579  0.575  0.481  0.790  0.609  0.279  0.000  0.0  0.653  Y   -1  0.250  (256,0,569,209)
  41  0.578  0.641  0.607  0.780  0.946  0.875  0.000  0.0  0.556  N    1  0.250  (94,182,407,391)
  42  0.574  0.406  0.500  0.855  0.643  0.163  0.000  0.0  0.537  Y   -1  0.122  (283,32,502,178)
  43  0.574  0.333  0.519  0.907  0.761  0.260  0.000  0.0  0.580  Y   -1  0.122  (319,54,538,200)
  44  0.574  0.440  0.533  0.829  0.628  0.205  0.000  0.0  0.579  Y   -1  0.159  (256,22,506,189)
  45  0.573  0.602  0.930  0.918  0.788  0.153  0.254  0.0  0.335  N    0  0.122  (37,0,256,146)
  46  0.569  0.700  0.618  0.672  0.984  0.908  0.000  0.0  0.557  N    1  0.250  (109,168,422,377)
  47  0.565  0.646  0.554  0.856  0.685  0.751  0.000  0.0  0.524  N    1  0.250  (132,209,445,418)
  48  0.564  0.509  0.570  0.951  0.804  0.807  0.000  0.0  0.543  N    1  0.250  (77,203,390,412)
  49  0.563  0.991  0.907  0.948  0.421  0.290  0.316  0.0  0.646  N    0  0.250  (46,0,359,209)
  50  0.560  0.725  0.614  0.672  0.986  1.000  0.000  0.0  0.630  Y    1  0.359  (125,148,501,398)
  51  0.559  0.723  0.646  0.649  0.989  1.000  0.000  0.0  0.726  N    1  0.359  (68,148,444,398)
  52  0.559  0.783  0.990  0.957  0.479  0.221  0.288  0.0  0.661  N    0  0.159  (42,21,292,188)
  53  0.558  0.415  0.475  0.852  0.704  0.298  0.000  0.0  0.603  Y   -1  0.159  (345,43,595,210)
  54  0.553  0.282  0.502  0.871  0.859  0.309  0.000  0.0  0.484  Y   -1  0.090  (404,84,592,209)
  55  0.549  0.599  0.986  0.872  0.366  0.285  0.149  0.0  0.786  N    0  0.159  (0,45,250,212)
  56  0.547  0.408  0.844  0.830  0.899  0.149  0.179  0.0  0.116  N    0  0.062  (0,30,156,134)
  57  0.543  0.466  0.433  0.811  0.458  0.109  0.000  0.0  0.401  Y   -1  0.159  (269,0,519,167)
  58  0.539  0.655  0.623  0.673  0.986  1.000  0.000  0.0  0.698  N    1  0.359  (111,150,487,400)
  59  0.536  0.689  0.631  0.614  0.996  1.000  0.000  0.0  0.690  N    1  0.359  (54,150,430,400)
  60  0.534  0.358  0.890  0.771  0.944  0.162  0.172  0.0  0.179  N    0  0.090  (25,8,213,133)
  61  0.534  0.217  0.494  0.944  0.754  0.303  0.000  0.0  0.474  Y   -1  0.090  (439,82,627,207)
  62  0.532  0.307  0.489  0.857  0.701  0.270  0.000  0.0  0.571  Y   -1  0.122  (375,56,594,202)
  63  0.531  0.411  0.478  0.777  0.608  0.221  0.000  0.0  0.578  Y   -1  0.159  (300,26,550,193)
  64  0.531  0.556  0.618  0.709  0.974  0.907  0.000  0.0  0.560  N    1  0.250  (95,171,408,380)
  65  0.525  0.266  0.493  0.850  0.668  0.191  0.000  0.0  0.444  Y   -1  0.090  (368,58,556,183)
  66  0.525  0.203  0.549  0.769  0.944  0.296  0.000  0.0  0.507  Y   -1  0.090  (313,82,501,207)
  67  0.522  0.680  0.988  0.985  0.547  0.174  0.330  0.0  0.564  N    0  0.122  (48,25,267,171)
  68  0.520  0.364  0.890  0.877  0.891  0.162  0.220  0.0  0.121  N    0  0.090  (32,0,220,125)
  69  0.519  0.439  0.423  0.739  0.526  0.133  0.000  0.0  0.452  Y   -1  0.159  (291,6,541,173)
  70  0.516  0.428  0.334  0.836  0.396  0.055  0.000  0.0  0.257  Y   -1  0.122  (334,7,553,153)
  71  0.515  0.124  0.529  0.883  0.835  0.262  0.000  0.0  0.481  Y   -1  0.090  (357,74,545,199)
  72  0.512  0.540  0.976  0.993  0.658  0.153  0.316  0.0  0.356  N    0  0.090  (46,30,234,155)
  73  0.508  0.377  0.385  0.796  0.516  0.123  0.000  0.0  0.424  Y   -1  0.159  (327,4,577,171)
  74  0.507  0.341  0.292  0.894  0.450  0.050  0.000  0.0  0.233  Y   -1  0.122  (408,6,627,152)
  75  0.507  0.566  0.398  0.625  0.353  0.032  0.000  0.0  0.204  Y   -1  0.122  (240,0,459,146)
  76  0.502  0.572  0.558  0.683  0.983  1.000  0.000  0.0  0.531  Y    1  0.359  (167,150,543,400)
  77  0.493  0.482  0.468  0.635  0.347  0.052  0.000  0.0  0.265  Y   -1  0.122  (213,5,432,151)
  78  0.491  0.438  0.287  0.707  0.474  0.029  0.000  0.0  0.172  Y   -1  0.122  (365,0,584,146)
  79  0.491  0.041  0.508  0.912  0.814  0.246  0.000  0.0  0.370  Y   -1  0.062  (427,89,583,193)
  80  0.490  0.251  0.462  0.824  0.641  0.253  0.000  0.0  0.552  Y   -1  0.122  (408,52,627,198)
  81  0.490  0.430  0.382  0.733  0.367  0.056  0.000  0.0  0.270  Y   -1  0.122  (282,7,501,153)
  82  0.489  0.367  0.439  0.754  0.546  0.229  0.000  0.0  0.567  Y   -1  0.159  (366,28,616,195)
  83  0.487  0.225  0.472  0.807  0.616  0.187  0.000  0.0  0.434  Y   -1  0.090  (401,57,589,182)
  84  0.473  0.153  0.484  0.685  0.983  0.325  0.000  0.0  0.396  Y   -1  0.062  (429,110,585,214)
  85  0.464  0.340  0.431  0.691  0.517  0.180  0.000  0.0  0.546  Y   -1  0.159  (335,17,585,184)
  86  0.462  0.047  0.457  0.825  0.927  0.337  0.000  0.0  0.386  Y   -1  0.062  (471,113,627,217)
  87  0.461  0.388  0.366  0.661  0.488  0.131  0.000  0.0  0.430  Y   -1  0.159  (374,6,624,173)
  88  0.448  0.337  0.913  0.920  0.851  0.152  0.316  0.0  0.020  N    0  0.062  (46,31,202,135)
  89  0.427  0.155  0.658  0.901  0.807  0.177  0.179  0.0  0.073  N    0  0.062  (0,1,156,105)
  90  0.395  0.793  0.951  0.723  0.250  0.455  0.295  0.0  0.675  N    0  0.250  (43,30,356,239)
  91  0.377  0.077  0.728  0.897  0.858  0.168  0.240  0.0  0.027  N    0  0.062  (35,4,191,108)
  92  0.300  0.433  0.899  0.650  0.466  0.139  0.351  0.0  0.516  N    0  0.090  (3,55,191,180)
  93  0.292  0.489  0.962  0.751  0.362  0.235  0.392  0.0  0.563  N    0  0.122  (0,58,219,204)
  94  0.270  0.637  0.951  0.762  0.211  0.635  0.354  0.0  0.620  N    0  0.250  (0,56,313,265)
  95  0.251  0.195  0.799  0.600  0.997  0.162  0.391  0.0  0.000  N    0  0.040  (0,30,125,113)
  96  0.219  0.133  0.788  0.567  1.000  0.163  0.391  0.0  0.000  N    0  0.040  (9,29,134,112)
  97  0.214  0.072  0.812  0.600  0.997  0.159  0.391  0.0  0.000  N    0  0.040  (46,30,171,113)
  98  0.178  0.000  0.796  0.567  1.000  0.160  0.391  0.0  0.000  N    0  0.040  (28,29,153,112)
  99  0.175  0.137  0.845  0.807  0.919  0.141  0.541  0.0  0.000  N    0  0.040  (28,37,153,120)
 100  0.119  0.909  0.787  0.506  0.341  0.868  0.500  0.0  0.525  Y    1  0.359  (166,42,542,292)
