图片: B06
候选框数量: 100
权重: W_AES=0.29 W_CONTENT=0.2 W_THIRDS=0.22 W_CENTER=0.3 W_DEP=-0.25 W_CLIP_PEN=0.6 W_MISSING_PEN=-0.5

排名  final   aes    con    3rd    ctr    dep    pen    msg    rule   L  i    area   box
   1  0.792  0.695  0.997  0.793  0.934  0.229  0.000  0.0  0.498  Y   -1  0.250  (109,21,422,230)
   2  0.791  0.789  1.000  0.755  0.958  0.366  0.000  0.0  0.553  Y   -1  0.250  (0,21,313,230)
   3  0.790  0.612  0.987  0.885  0.851  0.141  0.000  0.0  0.355  Y   -1  0.250  (156,0,469,209)
   4  0.787  0.724  0.973  0.842  0.916  0.340  0.000  0.0  0.562  Y   -1  0.250  (46,0,359,209)
   5  0.787  0.632  1.000  0.807  0.916  0.149  0.000  0.0  0.510  Y   -1  0.250  (156,21,469,230)
   6  0.781  0.702  0.989  0.749  0.960  0.242  0.000  0.0  0.414  Y   -1  0.159  (110,51,360,218)
   7  0.778  0.590  1.000  0.807  0.937  0.146  0.000  0.0  0.485  Y   -1  0.159  (161,57,411,224)
   8  0.775  0.692  0.996  0.723  0.972  0.238  0.000  0.0  0.448  N   -1  0.122  (77,85,296,231)
   9  0.773  0.543  1.000  0.838  0.919  0.119  0.000  0.0  0.489  Y   -1  0.159  (178,57,428,224)
  10  0.770  0.513  1.000  0.906  0.827  0.099  0.000  0.0  0.348  Y   -1  0.250  (187,0,500,209)
  11  0.769  0.537  0.991  0.888  0.849  0.131  0.000  0.0  0.354  Y   -1  0.250  (161,0,474,209)
  12  0.766  0.658  1.000  0.664  0.987  0.152  0.000  0.0  0.384  N   -1  0.090  (115,111,303,236)
  13  0.764  0.528  1.000  0.827  0.910  0.114  0.000  0.0  0.498  Y   -1  0.250  (203,21,516,230)
  14  0.762  0.511  1.000  0.831  0.924  0.116  0.000  0.0  0.501  Y   -1  0.159  (188,58,438,225)
  15  0.762  0.553  0.996  0.783  0.946  0.134  0.000  0.0  0.413  N   -1  0.122  (168,75,387,221)
  16  0.757  0.468  1.000  0.879  0.890  0.110  0.000  0.0  0.348  Y   -1  0.159  (188,42,438,209)
  17  0.756  0.486  1.000  0.871  0.861  0.102  0.000  0.0  0.394  Y   -1  0.250  (208,7,521,216)
  18  0.748  0.621  0.997  0.684  0.983  0.207  0.000  0.0  0.456  N   -1  0.122  (113,82,332,228)
  19  0.747  0.567  0.976  0.833  0.910  0.261  0.000  0.0  0.433  Y   -1  0.250  (93,7,406,216)
  20  0.747  0.544  0.968  0.850  0.879  0.209  0.000  0.0  0.346  Y   -1  0.250  (120,0,433,209)
  21  0.747  0.629  1.000  0.751  0.961  0.322  0.000  0.0  0.514  Y   -1  0.159  (34,56,284,223)
  22  0.746  0.639  0.986  0.808  0.930  0.388  0.000  0.0  0.548  Y   -1  0.250  (10,0,323,209)
  23  0.740  0.563  0.996  0.726  0.971  0.206  0.000  0.0  0.373  N   -1  0.090  (83,103,271,228)
  24  0.738  0.579  0.989  0.765  0.955  0.285  0.000  0.0  0.518  Y   -1  0.159  (79,50,329,217)
  25  0.738  0.952  0.982  0.582  0.999  0.695  0.000  0.0  0.440  Y    0  0.359  (0,99,376,349)
  26  0.737  0.394  1.000  0.918  0.848  0.106  0.000  0.0  0.376  Y   -1  0.250  (305,8,618,217)
  27  0.733  0.399  1.000  0.887  0.884  0.126  0.000  0.0  0.509  Y   -1  0.250  (305,26,618,235)
  28  0.727  0.442  1.000  0.763  0.958  0.110  0.000  0.0  0.446  Y   -1  0.159  (253,54,503,221)
  29  0.717  0.455  1.000  0.707  0.977  0.118  0.000  0.0  0.403  N   -1  0.090  (205,100,393,225)
  30  0.710  1.000  0.953  0.568  1.000  0.881  0.000  0.0  0.375  Y    0  0.359  (49,124,425,374)
  31  0.701  0.424  1.000  0.690  0.981  0.125  0.000  0.0  0.481  N   -1  0.122  (208,88,427,234)
  32  0.701  0.309  1.000  0.845  0.915  0.104  0.000  0.0  0.442  Y   -1  0.159  (309,55,559,222)
  33  0.699  0.473  0.985  0.829  0.924  0.375  0.000  0.0  0.477  Y   -1  0.159  (42,21,292,188)
  34  0.698  0.451  0.973  0.821  0.930  0.321  0.000  0.0  0.367  Y   -1  0.122  (76,50,295,196)
  35  0.691  0.437  1.000  0.640  0.991  0.134  0.000  0.0  0.391  N   -1  0.090  (154,103,342,228)
  36  0.686  0.467  0.988  0.695  0.980  0.279  0.000  0.0  0.438  N   -1  0.122  (46,79,265,225)
  37  0.684  0.268  1.000  0.828  0.919  0.102  0.000  0.0  0.450  N   -1  0.122  (325,85,544,231)
  38  0.684  0.390  1.000  0.655  0.989  0.110  0.000  0.0  0.410  N   -1  0.122  (251,75,470,221)
  39  0.683  0.328  1.000  0.729  0.967  0.103  0.000  0.0  0.459  N   -1  0.122  (281,80,500,226)
  40  0.682  0.912  0.913  0.681  0.980  1.000  0.000  0.0  0.365  Y    0  0.250  (77,203,390,412)
  41  0.681  0.238  1.000  0.854  0.909  0.094  0.000  0.0  0.442  N   -1  0.122  (357,86,576,232)
  42  0.675  0.421  0.981  0.762  0.958  0.336  0.000  0.0  0.428  N   -1  0.122  (45,55,264,201)
  43  0.672  0.779  0.944  0.590  0.998  0.720  0.000  0.0  0.375  Y    0  0.250  (0,141,313,350)
  44  0.671  0.396  0.977  0.727  0.970  0.267  0.000  0.0  0.363  N   -1  0.090  (73,85,261,210)
  45  0.670  0.327  1.000  0.687  0.982  0.119  0.000  0.0  0.406  N   -1  0.090  (234,109,422,234)
  46  0.670  0.846  0.917  0.713  0.975  1.000  0.000  0.0  0.556  Y    0  0.359  (159,163,535,413)
  47  0.668  0.474  0.950  0.615  0.996  0.236  0.000  0.0  0.361  N   -1  0.090  (39,103,227,228)
  48  0.668  0.261  1.000  0.764  0.951  0.108  0.000  0.0  0.364  Y   -1  0.159  (238,45,488,212)
  49  0.665  0.861  0.905  0.685  0.981  1.000  0.000  0.0  0.570  Y    1  0.359  (125,168,501,418)
  50  0.665  0.876  0.895  0.673  0.985  1.000  0.000  0.0  0.532  Y    1  0.359  (68,168,444,418)
  51  0.664  0.858  0.903  0.683  0.982  1.000  0.000  0.0  0.561  Y    1  0.359  (115,168,491,418)
  52  0.663  0.817  0.919  0.723  0.972  1.000  0.000  0.0  0.585  Y    1  0.359  (171,168,547,418)
  53  0.663  0.532  0.938  0.575  0.999  0.295  0.000  0.0  0.428  N   -1  0.122  (3,81,222,227)
  54  0.662  0.460  0.967  0.676  0.985  0.355  0.000  0.0  0.501  Y   -1  0.159  (0,45,250,212)
  55  0.657  0.826  0.926  0.680  0.984  1.000  0.000  0.0  0.426  Y    0  0.250  (156,202,469,411)
  56  0.656  0.383  0.965  0.827  0.926  0.427  0.000  0.0  0.484  Y   -1  0.159  (2,0,252,167)
  57  0.652  0.111  0.993  0.958  0.798  0.074  0.000  0.0  0.364  N   -1  0.090  (394,106,582,231)
  58  0.652  0.842  0.895  0.665  0.985  1.000  0.000  0.0  0.531  Y    1  0.359  (58,168,434,418)
  59  0.652  0.793  0.923  0.708  0.974  1.000  0.000  0.0  0.431  Y    1  0.250  (132,209,445,418)
  60  0.651  0.332  0.981  0.841  0.906  0.388  0.000  0.0  0.419  Y   -1  0.122  (48,25,267,171)
  61  0.649  0.788  0.925  0.698  0.977  1.000  0.000  0.0  0.442  Y    1  0.250  (146,209,459,418)
  62  0.648  0.399  0.972  0.719  0.974  0.386  0.000  0.0  0.493  Y   -1  0.159  (0,25,250,192)
  63  0.646  0.478  0.935  0.606  0.997  0.332  0.000  0.0  0.418  N   -1  0.122  (0,58,219,204)
  64  0.644  0.319  0.951  0.901  0.870  0.427  0.000  0.0  0.405  N   -1  0.122  (37,0,256,146)
  65  0.644  0.174  0.969  0.800  0.934  0.090  0.000  0.0  0.384  N   -1  0.090  (316,107,504,232)
  66  0.642  0.293  0.975  0.907  0.860  0.417  0.000  0.0  0.492  Y   -1  0.159  (31,0,281,167)
  67  0.640  0.672  0.949  0.764  0.953  0.946  0.000  0.0  0.497  Y    0  0.359  (216,138,592,388)
  68  0.638  0.727  0.921  0.739  0.967  1.000  0.000  0.0  0.587  Y    1  0.359  (181,168,557,418)
  69  0.638  0.099  0.975  0.909  0.852  0.088  0.000  0.0  0.375  N   -1  0.090  (359,110,547,235)
  70  0.637  0.669  0.936  0.770  0.943  0.942  0.000  0.0  0.387  Y    0  0.250  (247,184,560,393)
  71  0.635  0.427  0.902  0.596  0.998  0.254  0.000  0.0  0.351  N   -1  0.090  (0,103,188,228)
  72  0.634  0.748  0.917  0.702  0.974  1.000  0.000  0.0  0.413  Y    1  0.250  (109,209,422,418)
  73  0.629  0.724  0.931  0.698  0.979  1.000  0.000  0.0  0.454  Y    1  0.250  (170,209,483,418)
  74  0.629  0.716  0.933  0.707  0.977  1.000  0.000  0.0  0.451  Y    1  0.250  (203,209,516,418)
  75  0.629  0.728  0.927  0.695  0.979  1.000  0.000  0.0  0.450  Y    1  0.250  (156,209,469,418)
  76  0.626  0.574  0.934  0.813  0.916  0.874  0.000  0.0  0.358  Y    0  0.250  (260,171,573,380)
  77  0.626  0.651  0.928  0.796  0.938  1.000  0.000  0.0  0.557  Y    0  0.359  (216,163,592,413)
  78  0.624  0.093  1.000  0.790  0.945  0.086  0.000  0.0  0.422  N   -1  0.122  (408,79,627,225)
  79  0.622  0.643  0.926  0.792  0.941  1.000  0.000  0.0  0.572  Y    1  0.359  (216,168,592,418)
  80  0.622  0.702  0.907  0.719  0.970  1.000  0.000  0.0  0.513  Y    1  0.250  (0,207,313,416)
  81  0.618  0.693  0.916  0.710  0.972  1.000  0.000  0.0  0.411  Y    1  0.250  (99,209,412,418)
  82  0.615  0.626  0.933  0.708  0.972  0.910  0.000  0.0  0.371  Y    0  0.250  (215,172,528,381)
  83  0.615  0.691  0.925  0.689  0.981  1.000  0.000  0.0  0.418  Y    0  0.250  (146,204,459,413)
  84  0.613  0.708  0.923  0.636  0.993  0.964  0.000  0.0  0.388  Y    0  0.250  (165,180,478,389)
  85  0.612  0.664  0.927  0.690  0.981  0.974  0.000  0.0  0.399  Y    0  0.250  (200,184,513,393)
  86  0.611  0.624  0.938  0.751  0.962  1.000  0.000  0.0  0.432  Y    1  0.250  (239,209,552,418)
  87  0.609  0.111  0.979  0.721  0.970  0.088  0.000  0.0  0.392  N   -1  0.090  (283,104,471,229)
  88  0.608  0.313  0.955  0.686  0.983  0.384  0.000  0.0  0.404  N   -1  0.122  (0,21,219,167)
  89  0.607  0.718  0.904  0.610  0.996  0.955  0.000  0.0  0.366  Y    0  0.250  (10,181,323,390)
  90  0.607  0.583  0.926  0.824  0.911  1.000  0.000  0.0  0.547  Y    0  0.359  (251,163,627,413)
  91  0.606  0.545  0.909  0.828  0.900  0.913  0.000  0.0  0.375  Y    0  0.250  (294,184,607,393)
  92  0.604  0.276  0.936  0.757  0.957  0.413  0.000  0.0  0.396  N   -1  0.122  (0,1,219,147)
  93  0.603  0.634  0.932  0.708  0.977  1.000  0.000  0.0  0.454  Y    1  0.250  (193,209,506,418)
  94  0.596  0.277  0.956  0.619  0.995  0.291  0.000  0.0  0.353  N   -1  0.090  (37,83,225,208)
  95  0.596  0.517  0.909  0.833  0.893  0.918  0.000  0.0  0.376  Y    0  0.250  (303,186,616,395)
  96  0.589  0.537  0.938  0.782  0.948  1.000  0.000  0.0  0.422  Y    0  0.250  (247,204,560,413)
  97  0.577  0.483  0.917  0.835  0.917  1.000  0.000  0.0  0.415  Y    0  0.250  (280,209,593,418)
  98  0.574  0.615  0.919  0.625  0.994  0.992  0.000  0.0  0.381  Y    0  0.250  (140,186,453,395)
  99  0.570  0.000  0.966  0.886  0.691  0.070  0.000  0.0  0.352  N   -1  0.090  (439,105,627,230)
 100  0.570  0.448  0.914  0.855  0.898  0.986  0.000  0.0  0.406  Y    0  0.250  (307,204,620,413)
