图片: B07
候选框数量: 100
权重: W_AES=0.29 W_CONTENT=0.2 W_THIRDS=0.22 W_CENTER=0.3 W_DEP=-0.25 W_CLIP_PEN=0.6 W_MISSING_PEN=-0.5

排名  final   aes    con    3rd    ctr    dep    pen    msg    rule   L  i    area   box
   1  0.706  0.935  0.675  0.771  0.950  0.345  0.000  0.0  0.958  N    1  0.250  (261,144,574,353)
   2  0.683  0.794  0.705  0.873  0.891  0.272  0.028  0.0  0.812  N    3  0.160  (283,165,533,332)
   3  0.680  0.647  0.718  0.623  0.995  0.250  0.033  0.0  0.774  N    2  0.122  (317,192,536,338)
   4  0.679  0.654  0.706  0.711  0.974  0.290  0.000  0.0  0.952  N    1  0.160  (295,179,545,346)
   5  0.665  0.846  0.679  0.554  1.000  0.386  0.000  0.0  0.949  N    1  0.250  (278,157,591,366)
   6  0.663  0.955  0.659  0.942  0.728  0.264  0.000  0.0  0.959  N    1  0.250  (298,117,611,326)
   7  0.655  1.000  0.567  0.702  0.979  0.445  0.000  0.0  0.956  N    1  0.358  (239,124,614,374)
   8  0.647  0.747  0.666  0.827  0.926  0.362  0.000  0.0  0.946  N    1  0.250  (305,147,618,356)
   9  0.640  0.781  0.699  0.919  0.780  0.220  0.057  0.0  0.800  N    4  0.160  (303,145,553,312)
  10  0.632  0.783  0.661  0.751  0.963  0.423  0.000  0.0  0.942  N    1  0.250  (297,163,610,372)
  11  0.632  0.957  0.571  0.912  0.798  0.352  0.000  0.0  0.964  N    1  0.358  (251,94,626,344)
  12  0.629  0.971  0.656  0.910  0.690  0.297  0.000  0.0  0.970  N    1  0.250  (260,113,573,322)
  13  0.627  0.808  0.656  0.977  0.763  0.308  0.000  0.0  0.952  N    1  0.250  (313,126,626,335)
  14  0.605  0.950  0.571  0.593  0.998  0.517  0.000  0.0  0.947  N    1  0.358  (251,139,626,389)
  15  0.601  0.768  0.652  0.869  0.898  0.440  0.000  0.0  0.953  N    1  0.250  (245,167,558,376)
  16  0.587  0.915  0.650  0.940  0.769  0.398  0.028  0.0  0.819  N    2  0.250  (220,147,533,356)
  17  0.558  0.839  0.558  0.764  0.956  0.554  0.000  0.0  0.951  N    1  0.358  (224,147,599,397)
  18  0.517  0.733  0.631  0.945  0.820  0.524  0.004  0.0  0.946  N    2  0.250  (250,184,563,393)
  19  0.509  0.885  0.586  0.739  0.565  0.310  0.004  0.0  0.962  N    3  0.358  (251,69,626,319)
  20  0.507  0.669  0.634  0.923  0.846  0.536  0.004  0.0  0.934  N    2  0.250  (297,184,610,393)
  21  0.503  0.889  0.541  0.998  0.667  0.461  0.000  0.0  0.980  N    1  0.358  (183,99,558,349)
  22  0.477  0.913  0.543  0.906  0.685  0.523  0.000  0.0  0.975  N    1  0.358  (168,122,543,372)
  23  0.471  0.835  0.549  0.863  0.876  0.669  0.000  0.0  0.900  Y    1  0.358  (251,168,626,418)
  24  0.465  0.828  0.541  0.915  0.853  0.665  0.000  0.0  0.907  Y    1  0.358  (225,168,600,418)
  25  0.399  0.729  0.541  0.894  0.692  0.597  0.000  0.0  0.965  N    1  0.358  (168,147,543,397)
  26  0.374  0.641  0.714  0.855  0.899  0.260  0.500  0.0  0.889  N    3  0.089  (277,199,464,324)
  27  0.374  0.637  0.709  0.552  1.000  0.283  0.500  0.0  0.889  N    3  0.089  (262,209,449,334)
  28  0.365  0.629  0.711  0.792  0.929  0.284  0.500  0.0  0.893  N    3  0.089  (262,197,449,322)
  29  0.360  0.722  0.699  0.824  0.913  0.325  0.500  0.0  0.972  N    3  0.122  (243,183,462,329)
  30  0.360  0.572  0.713  0.816  0.916  0.263  0.500  0.0  0.883  N    3  0.089  (281,210,468,335)
  31  0.347  0.599  0.708  0.808  0.917  0.297  0.500  0.0  0.884  N    3  0.089  (262,222,449,347)
  32  0.341  0.711  0.694  0.800  0.920  0.358  0.500  0.0  0.972  N    3  0.160  (230,171,480,338)
  33  0.339  0.784  0.527  0.966  0.616  0.683  0.000  0.0  0.899  Y    1  0.358  (168,168,543,418)
  34  0.333  0.657  0.698  0.545  1.000  0.368  0.500  0.0  0.965  N    3  0.160  (230,188,480,355)
  35  0.323  0.628  0.699  0.836  0.911  0.355  0.500  0.0  0.961  N    3  0.122  (241,214,460,360)
  36  0.312  0.504  0.720  0.941  0.756  0.209  0.500  0.0  0.811  N    3  0.062  (305,225,461,329)
  37  0.296  0.659  0.662  0.832  0.916  0.414  0.500  0.0  0.960  N    3  0.160  (224,205,474,372)
  38  0.287  0.567  0.706  0.948  0.813  0.323  0.511  0.0  0.829  N    3  0.089  (248,190,435,315)
  39  0.285  0.555  0.714  0.970  0.771  0.263  0.533  0.0  0.650  N    4  0.089  (277,186,464,311)
  40  0.280  0.715  0.682  0.953  0.808  0.405  0.500  0.0  0.980  N    3  0.160  (208,165,458,332)
  41  0.262  0.567  0.700  0.908  0.797  0.359  0.500  0.0  0.897  N    3  0.089  (230,208,417,333)
  42  0.258  0.839  0.593  0.926  0.837  0.493  0.500  0.0  0.982  N    3  0.250  (167,144,480,353)
  43  0.254  0.462  0.719  0.973  0.759  0.302  0.511  0.0  0.753  N    3  0.062  (251,229,407,333)
  44  0.250  0.632  0.656  0.912  0.833  0.430  0.500  0.0  0.973  N    3  0.160  (193,193,443,360)
  45  0.249  0.663  0.685  0.979  0.758  0.404  0.500  0.0  0.980  N    3  0.122  (212,183,431,329)
  46  0.247  0.606  0.666  0.878  0.839  0.428  0.500  0.0  0.975  N    3  0.160  (193,188,443,355)
  47  0.223  0.651  0.662  0.929  0.772  0.444  0.500  0.0  0.978  N    3  0.160  (186,182,436,349)
  48  0.204  0.690  0.579  0.891  0.880  0.558  0.500  0.0  0.969  N    3  0.250  (164,180,477,389)
  49  0.176  0.657  0.575  0.879  0.838  0.555  0.500  0.0  0.975  N    3  0.250  (152,167,465,376)
  50  0.175  0.533  0.644  0.996  0.686  0.413  0.500  0.0  0.965  N    3  0.122  (212,221,431,367)
  51  0.127  0.623  0.589  0.893  0.675  0.493  0.500  0.0  0.955  N    3  0.160  (217,224,467,391)
  52  0.123  0.647  0.669  0.992  0.560  0.462  0.500  0.0  0.989  N    3  0.160  (186,154,436,321)
  53  0.117  0.582  0.583  0.990  0.649  0.491  0.500  0.0  0.962  N    3  0.160  (195,219,445,386)
  54  0.095  0.712  0.557  0.931  0.668  0.589  0.500  0.0  0.977  N    3  0.250  (133,150,446,359)
  55  0.084  0.609  0.682  0.973  0.514  0.440  0.533  0.0  0.802  N    4  0.122  (202,165,421,311)
  56  0.078  0.635  0.545  0.964  0.708  0.626  0.500  0.0  0.965  N    3  0.250  (140,186,453,395)
  57  0.060  0.481  0.626  0.808  0.482  0.379  0.500  0.0  0.892  N    3  0.089  (207,219,394,344)
  58  0.049  0.504  0.680  0.915  0.433  0.405  0.506  0.0  0.898  N    3  0.089  (207,191,394,316)
  59  0.036  0.611  0.521  0.952  0.674  0.657  0.500  0.0  0.957  N    3  0.250  (169,209,482,418)
  60  -0.015  0.498  0.594  0.769  0.479  0.514  0.500  0.0  0.972  N    3  0.160  (156,177,406,344)
  61  -0.036  0.735  0.529  0.924  0.426  0.624  0.500  0.0  0.985  N    3  0.250  (123,121,436,330)
  62  -0.073  0.704  0.519  0.815  0.444  0.673  0.500  0.0  0.970  N    3  0.250  (103,148,416,357)
  63  -0.086  0.561  0.491  0.969  0.505  0.711  0.500  0.0  0.954  N    3  0.250  (132,209,445,418)
  64  -0.086  0.368  0.566  0.751  0.391  0.459  0.532  0.0  0.725  N    3  0.122  (170,187,389,333)
  65  -0.128  0.497  0.532  0.867  0.293  0.548  0.513  0.0  0.894  N    3  0.160  (142,158,392,325)
  66  -0.138  0.446  0.498  0.789  0.342  0.550  0.519  0.0  0.853  N    5  0.160  (141,206,391,373)
  67  -0.153  0.621  0.496  0.863  0.318  0.678  0.500  0.0  0.978  N    3  0.250  (100,123,413,332)
  68  -0.174  0.506  0.490  0.734  0.393  0.707  0.500  0.0  0.954  N    3  0.250  (94,182,407,391)
  69  -0.305  0.426  0.421  0.833  0.246  0.756  0.526  0.0  0.803  N    5  0.250  (77,203,390,412)
  70  -0.425  0.056  1.000  0.745  0.963  0.135  1.000  1.0  0.631  N    0  0.040  (386,0,511,83)
  71  -0.443  0.000  1.000  0.719  0.973  0.148  1.000  1.0  0.696  N    0  0.040  (405,0,530,83)
  72  -0.453  0.068  1.000  0.871  0.896  0.163  1.000  1.0  0.633  N    0  0.040  (424,0,549,83)
  73  -0.461  0.160  1.000  0.847  0.885  0.205  1.000  1.0  0.758  N    0  0.062  (380,0,536,104)
  74  -0.475  0.207  1.000  0.927  0.834  0.225  1.000  1.0  0.582  N    0  0.062  (345,0,501,104)
  75  -0.503  0.313  1.000  0.994  0.707  0.228  1.000  1.0  0.668  N    0  0.062  (421,4,577,108)
  76  -0.504  0.348  1.000  0.938  0.750  0.273  1.000  1.0  0.835  N    0  0.089  (346,0,533,125)
  77  -0.507  0.315  1.000  0.907  0.762  0.267  1.000  1.0  0.831  N    0  0.089  (362,0,549,125)
  78  -0.531  0.452  0.893  0.855  0.719  0.287  1.000  1.0  0.815  N    0  0.122  (333,7,552,153)
  79  -0.535  0.310  1.000  0.994  0.700  0.284  1.000  1.0  0.715  N    0  0.089  (319,0,506,125)
  80  -0.540  0.284  1.000  0.993  0.691  0.273  1.000  1.0  0.821  N    0  0.089  (402,0,589,125)
  81  -0.542  0.503  0.817  0.889  0.713  0.302  1.000  1.0  0.859  N    0  0.160  (326,4,576,171)
  82  -0.557  0.505  0.832  0.905  0.703  0.335  1.000  1.0  0.924  N    0  0.160  (297,0,547,167)
  83  -0.570  0.444  0.828  0.911  0.679  0.309  1.000  1.0  0.912  N    0  0.160  (343,0,593,167)
  84  -0.586  0.351  0.922  0.897  0.638  0.294  1.000  1.0  0.907  N    0  0.122  (364,0,583,146)
  85  -0.588  0.530  0.829  0.986  0.634  0.361  1.000  1.0  0.931  N    0  0.160  (269,0,519,167)
  86  -0.603  0.351  0.882  0.754  0.599  0.245  1.000  1.0  0.532  N    0  0.089  (356,21,543,146)
  87  -0.605  0.423  0.845  0.990  0.612  0.332  1.000  1.0  0.649  N    0  0.122  (281,7,500,153)
  88  -0.611  0.507  0.815  0.946  0.548  0.300  1.000  1.0  0.904  N    0  0.160  (376,0,626,167)
  89  -0.616  0.335  0.929  0.986  0.550  0.287  1.000  1.0  0.580  N    0  0.089  (439,0,626,125)
  90  -0.627  0.362  0.763  0.827  0.581  0.249  1.000  1.0  0.579  N    0  0.122  (358,23,577,169)
  91  -0.646  0.438  0.868  0.962  0.466  0.287  1.000  1.0  0.810  N    0  0.122  (407,6,626,152)
  92  -0.674  0.408  0.760  0.943  0.435  0.254  1.000  1.0  0.595  N    0  0.122  (407,21,626,167)
  93  -0.715  0.288  0.178  0.719  0.970  0.494  1.000  1.0  0.515  Y   -1  0.160  (66,0,316,167)
  94  -0.725  0.305  0.239  0.796  0.938  0.534  1.000  1.0  0.550  Y   -1  0.160  (60,95,310,262)
  95  -0.725  0.299  0.258  0.839  0.919  0.531  1.000  1.0  0.556  Y   -1  0.160  (60,112,310,279)
  96  -0.754  0.328  0.227  0.927  0.843  0.538  1.000  1.0  0.543  Y   -1  0.160  (60,78,310,245)
  97  -0.767  0.326  0.195  0.956  0.796  0.514  1.000  1.0  0.528  Y   -1  0.160  (78,26,328,193)
  98  -0.782  0.324  0.193  0.884  0.767  0.500  1.000  1.0  0.529  Y   -1  0.160  (110,8,360,175)
  99  -0.864  0.325  0.211  0.947  0.604  0.533  1.000  1.0  0.538  Y   -1  0.160  (79,50,329,217)
 100  -0.939  0.336  0.278  0.914  0.707  0.804  1.000  1.0  0.585  N    6  0.250  (0,207,313,416)
