图片: B12
候选框数量: 100
权重: W_AES=0.29 W_CONTENT=0.2 W_THIRDS=0.22 W_CENTER=0.3 W_DEP=-0.25 W_CLIP_PEN=0.6 W_MISSING_PEN=-0.5

排名  final   aes    con    3rd    ctr    dep    pen    msg    rule   L  i    area   box
   1  0.720  0.900  0.861  0.752  0.954  0.375  0.000  0.0  0.967  N    0  0.250  (47,91,360,300)
   2  0.718  0.757  0.923  0.885  0.885  0.303  0.000  0.0  0.971  N    0  0.160  (104,106,354,273)
   3  0.701  0.960  0.768  0.665  0.987  0.416  0.000  0.0  0.963  N    0  0.358  (10,64,385,314)
   4  0.673  0.874  0.913  0.931  0.834  0.404  0.000  0.0  0.977  N    0  0.250  (76,99,389,308)
   5  0.672  0.838  0.813  0.900  0.871  0.377  0.000  0.0  0.958  N    0  0.250  (12,91,325,300)
   6  0.660  0.696  0.934  0.880  0.836  0.347  0.000  0.0  0.970  N    0  0.160  (77,121,327,288)
   7  0.635  0.918  0.874  0.916  0.798  0.449  0.000  0.0  0.968  N    0  0.250  (41,110,354,319)
   8  0.625  0.981  0.830  0.966  0.787  0.481  0.000  0.0  0.983  N    0  0.358  (68,79,443,329)
   9  0.622  1.000  0.784  0.878  0.858  0.524  0.000  0.0  0.969  N    0  0.358  (10,89,385,339)
  10  0.611  0.939  0.922  0.995  0.694  0.447  0.000  0.0  0.980  N    0  0.250  (87,110,400,319)
  11  0.588  0.647  0.912  0.994  0.700  0.358  0.000  0.0  0.963  N    0  0.160  (45,124,295,291)
  12  0.568  0.901  0.810  0.998  0.675  0.453  0.000  0.0  0.958  N    0  0.250  (0,110,313,319)
  13  0.556  0.619  0.975  0.932  0.614  0.341  0.000  0.0  0.976  N    0  0.122  (116,139,335,285)
  14  0.553  0.775  0.960  0.988  0.562  0.379  0.000  0.0  0.979  N    0  0.160  (117,132,367,299)
  15  0.552  0.636  0.958  0.812  0.638  0.347  0.000  0.0  0.969  N    0  0.122  (89,141,308,287)
  16  0.551  0.918  0.928  0.888  0.543  0.396  0.000  0.0  0.989  N    0  0.250  (126,96,439,305)
  17  0.507  0.810  0.965  0.926  0.423  0.344  0.000  0.0  0.989  N    0  0.160  (150,121,400,288)
  18  0.506  0.575  0.913  0.983  0.533  0.332  0.000  0.0  0.959  N    0  0.122  (47,134,266,280)
  19  0.501  0.689  0.975  0.955  0.434  0.320  0.000  0.0  0.985  N    0  0.122  (153,131,372,277)
  20  0.498  0.916  0.930  0.981  0.515  0.496  0.000  0.0  0.978  N    0  0.250  (100,123,413,332)
  21  0.482  0.880  0.914  0.782  0.582  0.522  0.000  0.0  0.965  N    0  0.250  (55,129,368,338)
  22  0.481  0.871  0.848  0.894  0.576  0.514  0.000  0.0  0.956  N    0  0.250  (15,126,328,335)
  23  0.479  0.850  0.856  0.654  0.499  0.386  0.000  0.0  0.988  N    0  0.358  (125,54,500,304)
  24  0.467  0.990  0.940  0.919  0.416  0.490  0.000  0.0  0.985  N    0  0.250  (123,121,436,330)
  25  0.466  0.959  0.897  0.842  0.462  0.486  0.000  0.0  0.998  N    0  0.358  (125,79,500,329)
  26  0.446  0.943  0.803  0.803  0.635  0.634  0.000  0.0  0.959  N    0  0.358  (10,114,385,364)
  27  0.436  0.810  0.933  0.573  0.368  0.345  0.000  0.0  0.990  N    0  0.250  (156,79,469,288)
  28  0.427  0.890  0.943  0.807  0.329  0.420  0.000  0.0  0.998  N    0  0.250  (156,100,469,309)
  29  0.418  0.649  0.886  0.912  0.389  0.383  0.000  0.0  0.952  N    0  0.160  (9,131,259,298)
  30  0.417  0.673  0.919  0.870  0.423  0.430  0.000  0.0  0.956  N    0  0.160  (47,147,297,314)
  31  0.416  0.695  0.942  0.616  0.460  0.430  0.000  0.0  0.963  N    0  0.160  (75,148,325,315)
  32  0.398  0.929  0.877  0.936  0.511  0.666  0.000  0.0  0.971  N    0  0.358  (64,119,439,369)
  33  0.388  0.921  0.926  0.925  0.383  0.581  0.000  0.0  0.994  N    0  0.358  (125,100,500,350)
  34  0.381  0.890  0.935  0.907  0.357  0.556  0.000  0.0  0.973  N    0  0.250  (104,139,417,348)
  35  0.351  0.857  0.954  0.804  0.255  0.492  0.000  0.0  0.994  N    0  0.250  (156,120,469,329)
  36  0.339  0.793  0.825  0.895  0.380  0.571  0.000  0.0  0.946  N    0  0.250  (0,141,313,350)
  37  0.315  0.882  0.914  0.632  0.357  0.596  0.016  0.0  0.958  N    1  0.250  (59,150,372,359)
  38  0.309  0.918  0.920  0.624  0.191  0.491  0.000  0.0  0.984  N    0  0.358  (181,79,556,329)
  39  0.298  0.931  0.939  0.809  0.312  0.679  0.000  0.0  0.985  N    0  0.358  (120,119,495,369)
  40  0.296  0.573  0.882  0.724  0.253  0.421  0.000  0.0  0.946  N    0  0.160  (1,143,251,310)
  41  0.280  0.765  0.971  0.547  0.126  0.420  0.000  0.0  0.991  N    0  0.160  (182,144,432,311)
  42  0.274  0.897  0.958  0.615  0.190  0.563  0.000  0.0  0.985  N    0  0.250  (151,139,464,348)
  43  0.270  0.815  0.968  0.658  0.146  0.505  0.000  0.0  0.987  N    0  0.250  (182,122,495,331)
  44  0.270  0.546  0.859  0.671  0.157  0.352  0.000  0.0  0.946  N    0  0.122  (0,140,219,286)
  45  0.242  0.871  0.944  0.659  0.194  0.603  0.016  0.0  0.977  N    1  0.250  (133,150,446,359)
  46  0.182  0.907  0.963  0.597  0.133  0.698  0.000  0.0  0.974  N    0  0.358  (176,119,551,369)
  47  0.122  0.870  0.948  0.652  0.190  0.858  0.000  0.0  0.976  N    0  0.358  (120,144,495,394)
  48  -0.340  0.399  0.832  0.813  0.934  0.045  1.000  1.0  0.158  Y   -1  0.122  (356,86,575,232)
  49  -0.350  0.528  0.789  0.873  0.895  0.085  1.000  1.0  0.276  Y   -1  0.160  (270,74,520,241)
  50  -0.351  0.481  0.810  0.835  0.921  0.089  1.000  1.0  0.278  Y   -1  0.160  (310,75,560,242)
  51  -0.374  0.357  0.805  0.757  0.960  0.095  1.000  1.0  0.275  Y   -1  0.160  (366,76,616,243)
  52  -0.386  0.460  0.761  0.936  0.773  0.015  1.000  1.0  0.042  Y   -1  0.160  (308,55,558,222)
  53  -0.389  0.597  0.758  0.946  0.804  0.114  1.000  1.0  0.311  Y   -1  0.250  (273,39,586,248)
  54  -0.400  0.340  0.718  0.918  0.835  0.023  1.000  1.0  0.019  Y   -1  0.160  (376,46,626,213)
  55  -0.404  0.518  0.745  0.930  0.753  0.053  1.000  1.0  0.179  Y   -1  0.250  (304,26,617,235)
  56  -0.417  0.450  0.734  0.917  0.728  0.016  1.000  1.0  0.019  Y   -1  0.160  (344,43,594,210)
  57  -0.463  0.491  0.699  0.865  0.641  0.019  1.000  1.0  0.067  Y   -1  0.250  (304,8,617,217)
  58  -0.499  0.401  0.685  0.823  0.616  0.013  1.000  1.0  0.008  Y   -1  0.160  (365,28,615,195)
  59  -0.530  0.693  0.972  0.613  0.996  0.632  1.000  1.0  0.968  N    3  0.250  (220,147,533,356)
  60  -0.541  0.510  0.965  0.593  0.998  0.562  1.000  1.0  0.961  N    3  0.160  (265,175,515,342)
  61  -0.549  0.401  0.964  0.668  0.986  0.534  1.000  1.0  0.950  N    3  0.122  (317,192,536,338)
  62  -0.559  0.370  0.639  0.714  0.537  0.002  1.000  1.0  0.024  Y   -1  0.160  (299,26,549,193)
  63  -0.572  0.410  0.618  0.666  0.512  0.004  1.000  1.0  0.012  Y   -1  0.160  (334,17,584,184)
  64  -0.572  0.331  0.946  0.592  0.998  0.535  1.000  1.0  0.957  N    3  0.122  (282,196,501,342)
  65  -0.576  0.406  0.595  0.689  0.510  0.004  1.000  1.0  0.000  Y   -1  0.160  (373,6,623,173)
  66  -0.577  0.385  0.977  0.618  0.995  0.584  1.000  1.0  0.952  N    3  0.160  (295,179,545,346)
  67  -0.586  0.457  1.000  0.731  0.969  0.645  1.000  1.0  0.945  N    3  0.250  (313,143,626,352)
  68  -0.592  0.326  0.982  0.759  0.957  0.585  1.000  1.0  0.941  N    3  0.160  (345,175,595,342)
  69  -0.597  0.417  0.936  0.638  0.992  0.625  1.000  1.0  0.953  N    3  0.160  (272,192,522,359)
  70  -0.604  0.449  0.556  0.621  0.456  0.000  1.000  1.0  0.019  Y   -1  0.160  (290,6,540,173)
  71  -0.611  0.248  0.905  0.644  0.990  0.562  1.000  1.0  0.952  N    3  0.122  (278,211,497,357)
  72  -0.615  0.495  0.976  0.743  0.965  0.711  1.000  1.0  0.949  N    3  0.250  (278,157,591,366)
  73  -0.617  0.436  0.555  0.588  0.445  0.001  1.000  1.0  0.009  Y   -1  0.160  (326,4,576,171)
  74  -0.622  0.251  0.932  0.869  0.894  0.556  1.000  1.0  0.935  N    3  0.122  (372,193,591,339)
  75  -0.630  0.405  0.534  0.690  0.415  0.000  1.000  1.0  0.022  Y   -1  0.160  (269,0,519,167)
  76  -0.646  0.387  0.515  0.577  0.425  0.000  1.000  1.0  0.034  Y   -1  0.160  (220,0,470,167)
  77  -0.666  0.243  0.898  0.944  0.815  0.570  1.000  1.0  0.926  N    3  0.122  (407,194,626,340)
  78  -0.671  0.463  0.951  0.739  0.967  0.798  1.000  1.0  0.948  N    3  0.250  (259,171,572,380)
  79  -0.671  0.120  0.897  0.780  0.950  0.612  1.000  1.0  0.938  N    3  0.122  (316,224,535,370)
  80  -0.673  0.211  0.940  0.885  0.874  0.627  1.000  1.0  0.930  N    3  0.160  (376,183,626,350)
  81  -0.675  0.300  0.901  0.870  0.891  0.670  1.000  1.0  0.932  N    3  0.160  (347,196,597,363)
  82  -0.682  0.151  0.895  0.778  0.951  0.648  1.000  1.0  0.942  N    3  0.122  (275,239,494,385)
  83  -0.696  0.287  0.884  0.891  0.868  0.681  1.000  1.0  0.926  N    3  0.160  (372,197,622,364)
  84  -0.701  0.157  0.905  0.808  0.936  0.685  1.000  1.0  0.940  N    3  0.160  (306,203,556,370)
  85  -0.734  0.220  0.881  0.774  0.953  0.779  1.000  1.0  0.942  N    3  0.160  (265,226,515,393)
  86  -0.747  0.481  0.917  0.803  0.933  0.928  1.000  1.0  0.908  Y    3  0.250  (302,186,615,395)
  87  -0.763  0.032  0.816  0.695  0.978  0.729  1.000  1.0  0.534  Y    3  0.089  (403,271,590,396)
  88  -0.764  0.166  0.872  0.783  0.949  0.808  1.000  1.0  0.931  N    3  0.160  (306,226,556,393)
  89  -0.765  0.498  0.940  0.730  0.970  1.000  1.000  1.0  0.921  Y    3  0.358  (238,168,613,418)
  90  -0.778  0.000  0.825  0.711  0.976  0.750  1.000  1.0  0.896  Y    3  0.122  (407,250,626,396)
  91  -0.794  0.149  0.827  0.761  0.958  0.846  1.000  1.0  0.908  Y    3  0.160  (372,232,622,399)
  92  -0.804  0.190  0.881  0.813  0.931  0.892  1.000  1.0  0.929  N    3  0.160  (229,251,479,418)
  93  -0.812  0.352  0.877  0.730  0.970  1.000  1.000  1.0  0.939  N    3  0.250  (238,209,551,418)
  94  -0.820  0.105  0.892  0.742  0.966  0.907  1.000  1.0  0.932  N    3  0.160  (272,248,522,415)
  95  -0.820  0.053  0.800  0.644  0.991  0.848  1.000  1.0  0.735  Y    3  0.122  (407,265,626,411)
  96  -0.823  0.103  0.834  0.639  0.992  0.890  1.000  1.0  0.619  Y    3  0.122  (374,271,593,417)
  97  -0.831  0.283  0.869  0.756  0.960  1.000  1.000  1.0  0.878  Y    3  0.250  (279,209,592,418)
  98  -0.848  0.221  0.869  0.782  0.949  1.000  1.000  1.0  0.914  Y    3  0.250  (306,204,619,413)
  99  -0.849  0.032  0.850  0.701  0.979  0.916  1.000  1.0  0.870  Y    3  0.160  (346,244,596,411)
 100  -0.864  0.016  0.839  0.645  0.991  0.934  1.000  1.0  0.898  Y    3  0.160  (373,251,623,418)
