图片: B13
候选框数量: 100
权重: W_AES=0.29 W_CONTENT=0.2 W_THIRDS=0.22 W_CENTER=0.3 W_DEP=-0.25 W_CLIP_PEN=0.6 W_MISSING_PEN=-0.5

排名  final   aes    con    3rd    ctr    dep    pen    msg    rule   L  i    area   box
   1  0.593  0.966  0.895  0.853  0.910  0.951  0.000  0.0  0.965  N    0  0.358  (171,138,436,492)
   2  0.588  0.801  0.840  0.797  0.928  0.863  0.000  0.0  0.969  N    0  0.358  (132,174,397,528)
   3  0.588  0.768  0.861  0.691  0.979  0.896  0.000  0.0  0.955  N    0  0.358  (171,174,436,528)
   4  0.587  0.898  0.896  0.797  0.925  0.943  0.000  0.0  0.970  N    0  0.358  (158,137,423,491)
   5  0.585  0.738  0.825  0.797  0.925  0.831  0.000  0.0  0.951  N    0  0.358  (158,207,423,561)
   6  0.578  0.668  0.904  0.841  0.916  0.906  0.000  0.0  0.965  N    0  0.249  (158,213,379,508)
   7  0.577  0.757  0.863  0.550  1.000  0.889  0.000  0.0  0.961  N    0  0.358  (158,172,423,526)
   8  0.576  0.683  0.860  0.756  0.953  0.901  0.000  0.0  0.953  N    0  0.358  (178,174,443,528)
   9  0.575  0.683  0.821  0.869  0.897  0.839  0.000  0.0  0.946  N    0  0.358  (171,209,436,563)
  10  0.574  0.659  0.912  0.779  0.939  0.929  0.000  0.0  0.967  N    0  0.249  (160,203,381,498)
  11  0.573  0.587  0.918  0.800  0.923  0.892  0.000  0.0  0.953  N    0  0.249  (180,231,401,526)
  12  0.572  0.652  0.931  0.716  0.970  0.966  0.000  0.0  0.955  N    0  0.249  (193,203,414,498)
  13  0.572  0.655  0.915  0.884  0.886  0.904  0.000  0.0  0.947  N    0  0.249  (193,233,414,528)
  14  0.571  0.651  0.862  0.748  0.953  0.905  0.000  0.0  0.953  N    0  0.358  (178,172,443,526)
  15  0.569  0.559  0.928  0.646  0.990  0.933  0.000  0.0  0.958  N    0  0.249  (180,212,401,507)
  16  0.565  0.701  0.958  0.800  0.923  1.000  0.000  0.0  0.969  N    0  0.249  (180,172,401,467)
  17  0.562  0.665  0.954  0.858  0.905  1.000  0.000  0.0  0.963  N    0  0.249  (193,174,414,469)
  18  0.559  0.705  0.897  0.921  0.849  0.851  0.026  0.0  0.876  N    3  0.249  (165,242,386,537)
  19  0.559  0.593  0.934  0.553  1.000  0.954  0.000  0.0  0.960  N    0  0.249  (180,202,401,497)
  20  0.549  0.431  0.916  0.744  0.960  0.956  0.000  0.0  0.965  N    0  0.160  (189,233,366,469)
  21  0.549  0.724  0.821  0.879  0.837  0.854  0.000  0.0  0.975  N    0  0.358  (118,172,383,526)
  22  0.543  0.385  0.913  0.723  0.972  0.946  0.009  0.0  0.958  N    0  0.160  (192,238,369,474)
  23  0.543  0.504  0.930  0.853  0.902  0.982  0.000  0.0  0.974  N    0  0.249  (161,179,382,474)
  24  0.537  0.625  0.895  0.885  0.832  0.916  0.000  0.0  0.973  N    0  0.249  (146,202,367,497)
  25  0.535  0.422  0.911  0.757  0.954  1.000  0.000  0.0  0.955  N    0  0.160  (215,233,392,469)
  26  0.533  0.909  0.885  0.981  0.752  0.947  0.000  0.0  0.986  N    0  0.358  (128,118,393,472)
  27  0.530  0.434  0.912  0.553  1.000  0.985  0.000  0.0  0.961  N    0  0.160  (202,231,379,467)
  28  0.528  0.744  0.907  0.930  0.829  0.861  0.070  0.0  0.735  N    3  0.249  (191,252,412,547)
  29  0.523  0.385  0.911  0.819  0.927  0.992  0.013  0.0  0.946  N    0  0.160  (218,239,395,475)
  30  0.518  0.611  0.907  0.885  0.832  0.993  0.000  0.0  0.949  N    0  0.249  (213,202,434,497)
  31  0.507  0.449  0.906  0.714  0.970  0.922  0.084  0.0  0.707  N    3  0.160  (202,255,379,491)
  32  0.500  0.661  0.891  0.938  0.760  0.972  0.000  0.0  0.943  N    0  0.249  (219,216,440,511)
  33  0.500  0.296  0.911  0.880  0.836  0.947  0.000  0.0  0.970  N    0  0.160  (175,231,352,467)
  34  0.499  0.498  0.905  0.824  0.924  0.945  0.088  0.0  0.656  N    3  0.160  (215,256,392,492)
  35  0.499  0.398  0.922  0.880  0.836  1.000  0.000  0.0  0.951  N    0  0.160  (228,231,405,467)
  36  0.490  0.789  0.896  0.874  0.744  1.000  0.000  0.0  0.945  N    0  0.249  (222,203,443,498)
  37  0.483  0.541  0.944  0.951  0.811  1.000  0.057  0.0  0.749  N    0  0.249  (199,155,420,450)
  38  0.480  0.383  0.899  0.814  0.932  1.000  0.079  0.0  0.661  N    0  0.160  (215,209,392,445)
  39  0.480  0.414  0.896  0.708  0.972  1.000  0.088  0.0  0.632  N    0  0.160  (202,207,379,443)
  40  0.472  0.435  0.894  0.810  0.930  1.000  0.097  0.0  0.595  N    0  0.160  (214,205,391,441)
  41  0.464  0.326  0.899  0.906  0.861  0.986  0.070  0.0  0.707  N    0  0.160  (179,211,356,447)
  42  0.446  0.145  0.878  0.819  0.908  0.932  0.100  0.0  0.590  N    0  0.122  (195,236,350,442)
  43  0.442  0.323  0.862  0.797  0.932  1.000  0.115  0.0  0.525  N    0  0.122  (227,231,382,437)
  44  0.439  0.353  0.931  0.988  0.729  1.000  0.040  0.0  0.835  N    0  0.249  (213,159,434,454)
  45  0.421  0.735  0.900  0.999  0.673  0.979  0.093  0.0  0.637  N    0  0.249  (143,147,364,442)
  46  0.411  0.724  0.818  0.942  0.570  0.817  0.054  0.0  0.812  N    3  0.249  (125,239,346,534)
  47  0.409  0.736  0.861  0.993  0.618  0.892  0.093  0.0  0.623  N    3  0.249  (222,257,443,552)
  48  0.405  0.810  0.759  0.800  0.564  0.859  0.000  0.0  0.990  N    0  0.358  (88,153,353,507)
  49  0.404  0.357  0.901  0.921  0.747  0.904  0.127  0.0  0.551  N    3  0.160  (163,245,340,481)
  50  0.401  1.000  0.789  0.955  0.479  0.912  0.000  0.0  1.000  N    0  0.358  (88,118,353,472)
  51  0.401  0.714  0.844  0.837  0.615  0.864  0.066  0.0  0.786  N    3  0.249  (122,215,343,510)
  52  0.396  0.459  0.908  0.875  0.737  1.000  0.099  0.0  0.676  N    3  0.160  (242,233,419,469)
  53  0.388  0.436  0.907  0.939  0.745  1.000  0.132  0.0  0.570  N    3  0.160  (238,252,415,488)
  54  0.290  0.471  0.853  0.915  0.526  0.940  0.132  0.0  0.525  N    3  0.249  (115,166,336,461)
  55  0.273  0.997  0.715  0.912  0.397  0.901  0.119  0.0  0.673  N    2  0.358  (88,82,353,436)
  56  -0.537  0.166  0.192  0.545  1.000  0.166  1.000  1.0  0.445  N   -1  0.122  (151,0,306,206)
  57  -0.548  0.201  0.129  0.545  1.000  0.171  1.000  1.0  0.449  N   -1  0.122  (58,118,213,324)
  58  -0.550  0.199  0.126  0.545  1.000  0.176  1.000  1.0  0.461  N   -1  0.122  (59,163,214,369)
  59  -0.560  0.116  0.107  0.545  1.000  0.168  1.000  1.0  0.443  N   -1  0.122  (23,145,178,351)
  60  -0.560  0.131  0.127  0.545  1.000  0.192  1.000  1.0  0.444  N   -1  0.160  (28,112,205,348)
  61  -0.561  0.094  0.111  0.545  1.000  0.166  1.000  1.0  0.448  N   -1  0.122  (4,199,159,405)
  62  -0.563  0.088  0.109  0.545  1.000  0.170  1.000  1.0  0.456  N   -1  0.122  (25,197,180,403)
  63  -0.564  0.120  0.115  0.545  1.000  0.194  1.000  1.0  0.453  N   -1  0.160  (8,170,185,406)
  64  -0.565  0.112  0.115  0.545  1.000  0.191  1.000  1.0  0.445  N   -1  0.160  (0,150,177,386)
  65  -0.566  0.098  0.123  0.545  1.000  0.197  1.000  1.0  0.461  N   -1  0.160  (28,172,205,408)
  66  -0.569  0.021  0.113  0.545  1.000  0.168  1.000  1.0  0.438  N   -1  0.122  (0,229,155,435)
  67  -0.571  0.007  0.111  0.545  1.000  0.170  1.000  1.0  0.448  N   -1  0.122  (22,223,177,429)
  68  -0.571  0.043  0.125  0.545  1.000  0.196  1.000  1.0  0.454  N   -1  0.160  (30,145,207,381)
  69  -0.576  0.000  0.118  0.545  1.000  0.194  1.000  1.0  0.443  N   -1  0.160  (0,210,177,446)
  70  -0.587  0.525  0.613  0.961  0.723  0.588  1.000  1.0  0.775  N    2  0.062  (276,76,386,223)
  71  -0.618  0.439  0.675  0.999  0.637  0.590  1.000  1.0  0.787  N    2  0.062  (247,81,357,228)
  72  -0.689  0.013  0.396  0.870  0.689  0.498  1.000  1.0  0.768  N    2  0.062  (268,39,378,186)
  73  -0.698  0.583  0.445  0.875  0.494  0.441  1.000  1.0  0.924  N    2  0.160  (209,0,386,236)
  74  -0.706  0.509  0.443  0.839  0.508  0.445  1.000  1.0  0.912  N    2  0.160  (243,0,420,236)
  75  -0.719  0.204  0.596  0.983  0.532  0.630  1.000  1.0  0.716  N    2  0.040  (294,83,382,201)
  76  -0.725  0.313  0.469  0.773  0.539  0.482  1.000  1.0  0.843  N    2  0.089  (249,37,381,214)
  77  -0.765  0.501  0.377  0.826  0.402  0.421  1.000  1.0  0.918  N    2  0.122  (228,3,383,209)
  78  -0.769  0.155  0.392  0.941  0.460  0.488  1.000  1.0  0.773  N    2  0.062  (241,38,351,185)
  79  -0.773  0.385  0.584  0.902  0.399  0.615  1.000  1.0  0.768  N    2  0.062  (301,83,411,230)
  80  -0.777  0.395  0.378  0.801  0.410  0.425  1.000  1.0  0.907  N    2  0.122  (259,3,414,209)
  81  -0.786  0.337  0.442  0.902  0.375  0.486  1.000  1.0  0.830  N    2  0.089  (284,35,416,212)
  82  -0.788  0.008  0.627  0.931  0.423  0.618  1.000  1.0  0.730  N    2  0.040  (255,84,343,202)
  83  -0.803  0.083  0.300  0.660  0.499  0.420  1.000  1.0  0.722  N    2  0.089  (253,0,385,177)
  84  -0.803  0.117  0.306  0.933  0.398  0.418  1.000  1.0  0.756  N    2  0.089  (230,2,362,179)
  85  -0.810  0.326  0.499  0.822  0.326  0.486  1.000  1.0  0.855  N    2  0.089  (220,42,352,219)
  86  -0.842  0.625  0.454  0.752  0.215  0.449  1.000  1.0  0.945  N    2  0.122  (174,29,329,235)
  87  -0.843  0.168  0.306  0.856  0.330  0.425  1.000  1.0  0.711  N    2  0.089  (284,0,416,177)
  88  -0.858  0.435  0.391  0.716  0.246  0.421  1.000  1.0  0.929  N    2  0.122  (201,6,356,212)
  89  -0.860  0.156  0.401  0.854  0.301  0.508  1.000  1.0  0.757  N    2  0.062  (301,41,411,188)
  90  -0.860  0.373  0.386  0.734  0.263  0.442  1.000  1.0  0.898  N    2  0.122  (288,9,443,215)
  91  -0.878  0.510  0.424  0.669  0.194  0.428  1.000  1.0  0.942  N    2  0.160  (160,0,337,236)
  92  -0.920  0.328  0.418  0.688  0.180  0.508  1.000  1.0  0.823  N    2  0.089  (310,42,442,219)
  93  -0.933  0.277  0.275  0.521  0.110  0.191  1.000  1.0  0.451  N   -1  0.160  (129,0,306,236)
  94  -0.936  0.283  0.405  0.639  0.148  0.449  1.000  1.0  0.861  N    2  0.089  (195,32,327,209)
  95  -0.968  0.144  0.300  0.580  0.152  0.409  1.000  1.0  0.740  N    2  0.089  (203,0,335,177)
  96  -0.974  0.255  0.347  0.514  0.111  0.399  1.000  1.0  0.938  N    2  0.122  (172,0,327,206)
  97  -0.975  0.238  0.322  0.569  0.125  0.438  1.000  1.0  0.808  N    2  0.089  (311,8,443,185)
  98  -0.995  0.174  0.137  0.447  0.077  0.177  1.000  1.0  0.468  N   -1  0.122  (62,201,217,407)
  99  -1.012  0.267  0.222  0.249  0.055  0.189  1.000  1.0  0.443  N   -1  0.160  (107,0,284,236)
 100  -1.045  0.321  0.160  0.208  0.040  0.241  1.000  1.0  0.446  N   -1  0.249  (0,96,221,391)
