图片: B14
候选框数量: 100
权重: W_AES=0.29 W_CONTENT=0.2 W_THIRDS=0.22 W_CENTER=0.3 W_DEP=-0.25 W_CLIP_PEN=0.6 W_MISSING_PEN=-0.5

排名  final   aes    con    3rd    ctr    dep    pen    msg    rule   L  i    area   box
   1  0.689  1.000  0.752  0.930  0.801  0.660  0.116  0.0  0.840  N    2  0.358  (168,218,418,593)
   2  0.670  0.916  0.788  0.884  0.694  0.713  0.060  0.0  0.930  N    2  0.358  (168,180,418,555)
   3  0.572  0.928  0.791  0.809  0.585  0.764  0.125  0.0  0.850  N    2  0.358  (168,143,418,518)
   4  0.550  0.011  0.843  0.894  0.862  0.255  0.000  0.0  0.671  N    1  0.040  (0,0,83,125)
   5  0.544  0.833  0.807  0.949  0.801  0.625  0.261  0.0  0.718  N    2  0.250  (173,233,382,546)
   6  0.543  0.730  0.810  0.889  0.858  0.573  0.224  0.0  0.738  N    2  0.250  (203,243,412,556)
   7  0.540  0.716  0.802  0.900  0.837  0.580  0.217  0.0  0.744  N    2  0.250  (207,235,416,548)
   8  0.532  0.707  0.781  0.901  0.677  0.733  0.146  0.0  0.831  N    2  0.358  (145,180,395,555)
   9  0.523  0.062  0.786  0.921  0.669  0.282  0.000  0.0  0.727  N    1  0.062  (1,0,105,156)
  10  0.522  0.716  0.793  0.904  0.764  0.615  0.215  0.0  0.752  N    2  0.250  (209,211,418,524)
  11  0.502  0.665  0.793  0.912  0.760  0.624  0.218  0.0  0.751  N    2  0.250  (203,211,412,524)
  12  0.501  0.708  0.819  0.855  0.894  0.552  0.272  0.0  0.709  N    2  0.250  (203,257,412,570)
  13  0.487  0.667  0.827  0.875  0.887  0.566  0.278  0.0  0.712  N    2  0.250  (187,259,396,572)
  14  0.450  0.726  0.790  0.949  0.727  0.663  0.307  0.0  0.683  N    2  0.250  (171,211,380,524)
  15  0.436  0.700  0.815  0.853  0.658  0.672  0.266  0.0  0.716  N    2  0.250  (203,180,412,493)
  16  0.430  0.080  0.672  0.907  0.367  0.364  0.000  0.0  0.888  N    1  0.122  (1,0,147,219)
  17  0.429  0.726  0.818  0.935  0.831  0.607  0.373  0.0  0.641  N    2  0.250  (147,259,356,572)
  18  0.406  0.736  0.820  0.800  0.606  0.688  0.284  0.0  0.701  N    2  0.250  (209,163,418,476)
  19  0.390  0.148  0.644  0.800  0.280  0.414  0.000  0.0  0.904  N    1  0.160  (0,2,167,252)
  20  0.368  0.000  0.713  0.935  0.460  0.318  0.101  0.0  0.722  N    1  0.089  (5,0,130,187)
  21  0.354  0.622  0.883  0.827  0.920  0.494  0.449  0.0  0.535  N    2  0.160  (223,270,390,520)
  22  0.353  0.623  0.880  0.829  0.918  0.495  0.450  0.0  0.534  N    2  0.160  (224,268,391,518)
  23  0.341  0.531  0.952  0.784  0.949  0.463  0.444  0.0  0.538  N    2  0.160  (204,306,371,556)
  24  0.339  0.618  0.826  0.740  0.960  0.482  0.432  0.0  0.531  N    2  0.250  (209,306,418,619)
  25  0.339  0.581  0.844  0.776  0.952  0.504  0.428  0.0  0.547  N    2  0.250  (171,313,380,626)
  26  0.324  0.655  0.823  0.825  0.921  0.429  0.500  0.0  0.432  N    2  0.160  (251,267,418,517)
  27  0.324  0.590  0.839  0.814  0.933  0.524  0.455  0.0  0.534  N    2  0.250  (142,313,351,626)
  28  0.320  0.539  0.964  0.844  0.915  0.499  0.483  0.0  0.515  N    2  0.160  (175,309,342,559)
  29  0.318  0.651  0.787  0.950  0.685  0.683  0.430  0.0  0.581  N    2  0.250  (140,220,349,533)
  30  0.315  0.530  0.842  0.899  0.855  0.547  0.450  0.0  0.541  N    2  0.160  (224,243,391,493)
  31  0.315  0.651  0.847  0.958  0.798  0.597  0.500  0.0  0.506  N    2  0.160  (199,243,366,493)
  32  0.314  0.672  0.817  0.876  0.599  0.710  0.397  0.0  0.609  N    2  0.250  (179,170,388,483)
  33  0.313  0.568  0.879  0.932  0.838  0.576  0.480  0.0  0.521  N    2  0.160  (195,258,362,508)
  34  0.310  0.017  0.835  0.965  0.590  0.192  0.285  0.0  0.423  N    1  0.040  (0,42,83,167)
  35  0.305  0.251  0.617  0.558  0.162  0.524  0.000  0.0  0.923  N    1  0.250  (0,10,209,323)
  36  0.305  0.590  0.925  0.730  0.964  0.418  0.502  0.0  0.467  N    2  0.160  (225,309,392,559)
  37  0.302  0.592  0.803  0.885  0.861  0.480  0.495  0.0  0.491  N    2  0.160  (249,243,416,493)
  38  0.301  0.622  0.803  0.929  0.766  0.597  0.475  0.0  0.525  N    2  0.160  (224,218,391,468)
  39  0.301  0.592  0.805  0.921  0.778  0.584  0.466  0.0  0.531  N    2  0.160  (228,220,395,470)
  40  0.300  0.502  1.000  0.802  0.938  0.466  0.500  0.0  0.454  N    2  0.122  (196,319,342,538)
  41  0.299  0.553  0.913  0.754  0.955  0.406  0.500  0.0  0.385  N    2  0.122  (244,290,390,509)
  42  0.298  0.633  0.821  0.974  0.758  0.614  0.500  0.0  0.492  N    2  0.160  (204,228,371,478)
  43  0.296  0.569  0.867  0.941  0.826  0.575  0.500  0.0  0.413  N    2  0.122  (218,249,364,468)
  44  0.292  0.559  0.745  0.928  0.834  0.431  0.500  0.0  0.365  N    2  0.122  (272,239,418,458)
  45  0.290  0.451  1.000  0.913  0.857  0.527  0.500  0.0  0.346  N    2  0.122  (156,322,302,541)
  46  0.286  0.523  0.898  0.945  0.803  0.564  0.500  0.0  0.364  N    2  0.160  (132,305,299,555)
  47  0.285  0.488  0.938  0.863  0.902  0.517  0.500  0.0  0.442  N    2  0.122  (217,276,363,495)
  48  0.284  0.663  0.795  0.943  0.699  0.670  0.484  0.0  0.534  N    2  0.250  (122,238,331,551)
  49  0.284  0.477  0.941  0.927  0.842  0.554  0.500  0.0  0.457  N    2  0.160  (153,299,320,549)
  50  0.283  0.509  0.985  0.679  0.984  0.401  0.500  0.0  0.337  N    2  0.160  (149,376,316,626)
  51  0.281  0.462  0.956  0.918  0.850  0.549  0.500  0.0  0.414  N    2  0.122  (197,282,343,501)
  52  0.279  0.536  0.783  0.912  0.768  0.536  0.470  0.0  0.520  N    2  0.160  (249,217,416,467)
  53  0.278  0.491  0.977  0.687  0.982  0.401  0.500  0.0  0.432  N    2  0.160  (203,344,370,594)
  54  0.277  0.509  0.886  0.962  0.792  0.593  0.500  0.0  0.474  N    2  0.160  (175,265,342,515)
  55  0.275  0.533  0.778  0.773  0.952  0.382  0.500  0.0  0.358  N    2  0.160  (251,296,418,546)
  56  0.275  0.436  1.000  0.743  0.965  0.419  0.500  0.0  0.433  N    2  0.122  (219,316,365,535)
  57  0.271  0.450  0.979  0.765  0.956  0.443  0.507  0.0  0.448  N    2  0.160  (167,340,334,590)
  58  0.266  0.516  0.819  0.874  0.893  0.559  0.497  0.0  0.506  N    2  0.250  (120,304,329,617)
  59  0.265  0.584  0.822  0.977  0.684  0.638  0.500  0.0  0.418  N    2  0.160  (181,233,348,483)
  60  0.262  0.459  0.997  0.638  0.992  0.383  0.500  0.0  0.344  N    2  0.160  (176,376,343,626)
  61  0.259  0.478  0.986  0.601  0.997  0.367  0.500  0.0  0.325  N    2  0.160  (201,376,368,626)
  62  0.259  0.515  0.800  0.890  0.873  0.572  0.500  0.0  0.404  N    2  0.250  (96,311,305,624)
  63  0.258  0.495  0.819  0.870  0.858  0.512  0.500  0.0  0.424  N    2  0.122  (249,239,395,458)
  64  0.257  0.581  0.805  0.952  0.741  0.648  0.506  0.0  0.526  N    2  0.250  (117,254,326,567)
  65  0.254  0.692  0.811  0.915  0.573  0.722  0.486  0.0  0.535  N    2  0.250  (159,174,368,487)
  66  0.253  0.423  0.971  0.828  0.925  0.479  0.523  0.0  0.448  N    2  0.160  (155,330,322,580)
  67  0.253  0.407  1.000  0.740  0.966  0.412  0.517  0.0  0.341  N    2  0.122  (160,365,306,584)
  68  0.253  0.021  0.762  0.911  0.396  0.238  0.264  0.0  0.506  N    1  0.062  (2,38,106,194)
  69  0.253  0.550  0.801  0.767  0.544  0.718  0.364  0.0  0.629  N    2  0.250  (203,144,412,457)
  70  0.242  0.413  0.948  0.650  0.989  0.375  0.500  0.0  0.370  N    2  0.160  (221,346,388,596)
  71  0.228  0.524  0.845  0.924  0.646  0.632  0.500  0.0  0.320  N    2  0.160  (143,260,310,510)
  72  0.224  0.527  0.775  0.925  0.742  0.632  0.512  0.0  0.379  N    2  0.250  (90,274,299,587)
  73  0.219  0.348  1.000  0.710  0.975  0.397  0.530  0.0  0.400  N    2  0.122  (184,357,330,576)
  74  0.218  0.463  0.818  0.982  0.637  0.633  0.500  0.0  0.296  N    2  0.122  (193,238,339,457)
  75  0.214  0.519  0.801  0.891  0.681  0.636  0.500  0.0  0.489  N    2  0.160  (224,195,391,445)
  76  0.204  0.492  0.740  0.973  0.626  0.647  0.500  0.0  0.309  N    2  0.122  (214,209,360,428)
  77  0.195  0.481  0.785  0.614  0.996  0.605  0.481  0.0  0.515  N    2  0.160  (251,181,418,431)
  78  0.188  0.601  0.777  0.900  0.497  0.725  0.500  0.0  0.401  N    2  0.250  (124,182,333,495)
  79  0.185  0.392  0.758  0.824  0.921  0.655  0.500  0.0  0.455  N    2  0.160  (251,148,418,398)
  80  0.180  0.656  0.781  0.945  0.410  0.749  0.525  0.0  0.377  N    2  0.250  (150,136,359,449)
  81  0.178  0.383  0.741  0.772  0.950  0.605  0.500  0.0  0.372  N    2  0.122  (270,162,416,381)
  82  0.177  0.445  0.790  0.960  0.559  0.680  0.500  0.0  0.360  N    2  0.160  (201,182,368,432)
  83  0.174  0.206  0.634  0.574  0.171  0.402  0.190  0.0  0.741  N    1  0.160  (0,35,167,285)
  84  0.169  0.623  0.706  0.805  0.551  0.692  0.500  0.0  0.342  N    2  0.250  (91,222,300,535)
  85  0.168  0.112  0.657  0.661  0.213  0.345  0.221  0.0  0.706  N    1  0.122  (1,36,147,255)
  86  0.165  0.276  0.765  0.963  0.782  0.648  0.500  0.0  0.302  N    2  0.122  (249,160,395,379)
  87  0.155  0.266  0.759  0.966  0.774  0.679  0.500  0.0  0.378  N    2  0.160  (232,147,399,397)
  88  0.151  0.286  0.747  0.799  0.934  0.614  0.500  0.0  0.387  N    2  0.122  (246,194,392,413)
  89  0.150  0.379  0.695  1.000  0.648  0.762  0.500  0.0  0.447  N    2  0.250  (206,84,415,397)
  90  0.115  0.323  0.712  0.988  0.559  0.763  0.500  0.0  0.403  N    2  0.250  (189,93,398,406)
  91  0.113  0.287  0.721  0.599  0.997  0.535  0.500  0.0  0.409  N    2  0.122  (272,196,418,415)
  92  0.084  0.182  0.631  0.741  0.214  0.424  0.363  0.0  0.582  N    1  0.160  (18,0,185,250)
  93  0.064  0.336  0.672  0.913  0.424  0.762  0.500  0.0  0.296  N    2  0.250  (209,35,418,348)
  94  0.061  0.120  0.680  0.725  0.237  0.292  0.410  0.0  0.454  N    1  0.089  (3,48,128,235)
  95  0.049  0.339  0.605  0.423  0.109  0.521  0.299  0.0  0.660  N    1  0.250  (0,43,209,356)
  96  0.010  0.431  0.762  0.938  0.417  0.757  0.642  0.0  0.407  N    2  0.250  (169,120,378,433)
  97  -0.005  0.180  0.639  0.773  0.208  0.376  0.500  0.0  0.342  N    1  0.122  (31,0,177,219)
  98  -0.078  0.331  0.609  0.533  0.123  0.542  0.500  0.0  0.438  N    1  0.250  (27,2,236,315)
  99  -0.145  0.183  0.611  0.406  0.104  0.422  0.500  0.0  0.314  N    1  0.160  (25,42,192,292)
 100  -0.164  0.286  0.601  0.321  0.079  0.535  0.500  0.0  0.363  N    1  0.250  (22,43,231,356)
