图片: B17
候选框数量: 100
权重: W_AES=0.29 W_CONTENT=0.2 W_THIRDS=0.22 W_CENTER=0.3 W_DEP=-0.25 W_CLIP_PEN=0.6 W_MISSING_PEN=-0.5

排名  final   aes    con    3rd    ctr    dep    pen    msg    rule   L  i    area   box
   1  0.795  0.860  1.000  0.972  0.626  0.485  0.000  0.0  0.947  N    0  0.249  (0,75,295,296)
   2  0.791  0.912  1.000  0.955  0.469  0.411  0.000  0.0  0.939  N    0  0.249  (0,53,295,274)
   3  0.777  0.701  1.000  0.995  0.703  0.416  0.000  0.0  0.936  N    0  0.160  (1,97,237,274)
   4  0.770  0.679  1.000  0.994  0.706  0.416  0.000  0.0  0.939  N    0  0.160  (0,97,236,274)
   5  0.760  0.909  0.984  0.927  0.420  0.466  0.000  0.0  0.945  N    0  0.358  (0,26,354,291)
   6  0.745  0.747  1.000  0.926  0.498  0.353  0.000  0.0  0.932  N    0  0.160  (0,79,236,256)
   7  0.740  0.751  1.000  0.918  0.472  0.346  0.000  0.0  0.929  N    0  0.160  (1,77,237,254)
   8  0.725  0.816  0.957  0.908  0.545  0.557  0.000  0.0  0.955  N    0  0.358  (0,53,354,318)
   9  0.725  0.818  0.855  0.876  0.693  0.552  0.000  0.0  0.942  N    0  0.249  (5,97,300,318)
  10  0.724  0.792  0.858  0.890  0.713  0.552  0.000  0.0  0.955  N    0  0.249  (0,97,295,318)
  11  0.720  0.857  1.000  0.988  0.535  0.459  0.085  0.0  0.870  N    0  0.249  (12,67,307,288)
  12  0.716  0.522  0.956  0.914  0.858  0.411  0.000  0.0  0.939  N    0  0.122  (0,119,206,274)
  13  0.708  0.491  1.000  0.850  0.882  0.367  0.000  0.0  0.859  N    0  0.089  (0,132,177,264)
  14  0.693  0.523  0.885  0.926  0.843  0.464  0.000  0.0  0.945  N    0  0.160  (0,114,236,291)
  15  0.685  0.552  1.000  0.823  0.670  0.344  0.000  0.0  0.854  N    0  0.089  (0,119,177,251)
  16  0.680  0.746  0.725  0.914  0.702  0.595  0.000  0.0  0.958  N    0  0.249  (0,116,295,337)
  17  0.679  0.620  0.879  0.946  0.812  0.463  0.057  0.0  0.925  N    0  0.160  (8,114,244,291)
  18  0.677  0.567  0.826  0.857  0.875  0.488  0.000  0.0  0.950  N    0  0.160  (0,127,236,304)
  19  0.670  0.990  1.000  0.798  0.247  0.306  0.099  0.0  0.840  N    0  0.249  (6,23,301,244)
  20  0.663  0.838  0.834  0.770  0.599  0.635  0.000  0.0  0.964  N    0  0.358  (0,79,354,344)
  21  0.662  0.449  0.994  0.687  0.981  0.375  0.000  0.0  0.862  N    0  0.089  (0,142,177,274)
  22  0.634  0.429  0.772  0.958  0.736  0.438  0.000  0.0  0.940  N    0  0.122  (0,165,206,320)
  23  0.631  0.330  0.873  0.903  0.809  0.374  0.000  0.0  0.862  N    0  0.089  (0,170,177,302)
  24  0.607  0.447  0.856  0.798  0.933  0.438  0.050  0.0  0.928  N    0  0.122  (7,139,213,294)
  25  0.581  0.431  0.669  0.964  0.605  0.498  0.000  0.0  0.941  N    0  0.160  (0,164,236,341)
  26  0.580  0.608  0.958  0.997  0.685  0.389  0.206  0.0  0.758  N    0  0.122  (29,112,235,267)
  27  0.563  0.939  1.000  0.809  0.309  0.370  0.220  0.0  0.744  N    0  0.249  (31,41,326,262)
  28  0.548  0.450  1.000  0.896  0.646  0.340  0.156  0.0  0.718  N    0  0.089  (22,119,199,251)
  29  0.529  0.831  0.963  0.954  0.458  0.465  0.277  0.0  0.705  N    0  0.249  (39,69,334,290)
  30  0.523  0.753  0.849  0.947  0.647  0.445  0.270  0.0  0.709  N    0  0.160  (38,108,274,285)
  31  0.516  0.788  0.993  0.929  0.429  0.365  0.291  0.0  0.681  N    0  0.160  (41,83,277,260)
  32  0.514  0.619  1.000  0.762  0.423  0.294  0.176  0.0  0.767  N    0  0.122  (0,83,206,238)
  33  0.513  0.457  0.907  0.830  0.924  0.375  0.213  0.0  0.678  N    0  0.089  (30,143,207,275)
  34  0.492  0.623  0.701  0.907  0.736  0.492  0.213  0.0  0.767  N    0  0.160  (30,132,266,309)
  35  0.483  0.280  1.000  0.810  0.916  0.315  0.206  0.0  0.603  N    0  0.062  (6,148,153,258)
  36  0.480  0.543  0.536  0.926  0.426  0.617  0.057  0.0  0.922  N    0  0.249  (8,158,303,379)
  37  0.479  0.481  1.000  0.687  0.524  0.309  0.156  0.0  0.708  N    0  0.089  (0,107,177,239)
  38  0.470  0.513  1.000  0.677  0.515  0.305  0.176  0.0  0.690  N    0  0.089  (0,106,177,238)
  39  0.450  0.400  0.790  0.942  0.817  0.377  0.256  0.0  0.642  N    0  0.089  (36,164,213,296)
  40  0.441  0.150  0.197  0.929  0.835  0.425  0.000  0.0  0.447  N   -1  0.122  (269,233,475,388)
  41  0.409  0.562  0.985  0.938  0.511  0.322  0.364  0.0  0.562  N    0  0.089  (45,114,222,246)
  42  0.407  0.299  0.163  0.940  0.414  0.425  0.000  0.0  0.458  N   -1  0.122  (229,232,435,387)
  43  0.405  0.392  0.880  0.847  0.911  0.315  0.334  0.0  0.499  N    0  0.062  (47,150,194,260)
  44  0.402  0.514  0.722  0.893  0.772  0.436  0.305  0.0  0.681  N    0  0.122  (43,138,249,293)
  45  0.390  0.353  0.628  0.979  0.571  0.438  0.213  0.0  0.753  N    0  0.122  (30,171,236,326)
  46  0.381  0.224  0.144  0.545  1.000  0.372  0.000  0.0  0.405  N   -1  0.089  (192,195,369,327)
  47  0.380  0.744  1.000  0.909  0.342  0.283  0.438  0.0  0.539  N    0  0.122  (38,81,244,236)
  48  0.373  0.166  0.149  0.967  0.496  0.486  0.000  0.0  0.471  N   -1  0.160  (177,214,413,391)
  49  0.366  0.817  0.932  0.884  0.375  0.371  0.447  0.0  0.547  N    0  0.160  (63,85,299,262)
  50  0.360  0.702  0.615  0.783  0.546  0.594  0.277  0.0  0.718  N    0  0.249  (39,116,334,337)
  51  0.356  0.777  1.000  0.813  0.275  0.249  0.439  0.0  0.526  N    0  0.160  (6,49,242,226)
  52  0.355  0.160  0.208  0.916  0.371  0.431  0.000  0.0  0.459  N   -1  0.122  (272,199,478,354)
  53  0.353  0.143  0.135  0.545  1.000  0.371  0.000  0.0  0.404  N   -1  0.089  (220,200,397,332)
  54  0.343  0.112  0.135  0.545  1.000  0.370  0.000  0.0  0.405  N   -1  0.089  (206,205,383,337)
  55  0.343  0.200  0.152  0.782  0.563  0.486  0.000  0.0  0.467  N   -1  0.160  (186,217,422,394)
  56  0.338  0.139  0.838  0.822  0.672  0.310  0.239  0.0  0.572  N    0  0.062  (0,185,147,295)
  57  0.337  0.842  1.000  0.817  0.257  0.268  0.483  0.0  0.496  N    0  0.160  (35,55,271,232)
  58  0.333  0.117  0.195  0.873  0.468  0.491  0.000  0.0  0.463  N   -1  0.160  (238,189,474,366)
  59  0.325  0.123  0.197  0.897  0.368  0.488  0.000  0.0  0.456  N   -1  0.160  (241,206,477,383)
  60  0.312  0.146  0.179  0.878  0.313  0.488  0.000  0.0  0.462  N   -1  0.160  (220,205,456,382)
  61  0.312  0.938  1.000  0.700  0.176  0.232  0.500  0.0  0.419  Y    0  0.249  (14,2,309,223)
  62  0.311  0.171  0.394  0.707  0.251  0.433  0.000  0.0  0.437  N   -1  0.122  (340,208,546,363)
  63  0.306  0.254  0.723  0.844  0.658  0.311  0.302  0.0  0.523  N    0  0.062  (36,186,183,296)
  64  0.300  0.436  0.546  0.956  0.482  0.500  0.298  0.0  0.682  N    0  0.160  (42,163,278,340)
  65  0.299  0.197  0.170  0.818  0.257  0.490  0.000  0.0  0.468  N   -1  0.160  (212,196,448,373)
  66  0.286  0.189  0.141  0.632  0.466  0.425  0.000  0.0  0.470  N   -1  0.122  (194,227,400,382)
  67  0.268  0.673  0.690  0.815  0.555  0.460  0.447  0.0  0.557  N    0  0.160  (63,114,299,291)
  68  0.263  0.187  0.160  0.623  0.403  0.490  0.000  0.0  0.477  N   -1  0.160  (177,196,413,373)
  69  0.259  0.981  0.756  0.599  0.181  0.370  0.455  0.0  0.531  Y    0  0.358  (64,0,418,265)
  70  0.256  0.524  0.461  0.877  0.363  0.619  0.284  0.0  0.698  N    0  0.249  (40,155,335,376)
  71  0.251  0.936  0.837  0.666  0.211  0.366  0.500  0.0  0.466  N    0  0.249  (76,40,371,261)
  72  0.244  0.495  0.353  0.786  0.226  0.607  0.195  0.0  0.754  N    0  0.249  (0,193,295,414)
  73  0.242  0.757  0.640  0.642  0.491  0.567  0.398  0.0  0.613  N    0  0.249  (56,104,351,325)
  74  0.240  0.333  0.422  0.823  0.323  0.489  0.215  0.0  0.735  N    0  0.160  (0,194,236,371)
  75  0.233  0.808  0.722  0.782  0.411  0.515  0.497  0.0  0.519  N    0  0.249  (70,85,365,306)
  76  0.224  0.117  0.207  0.650  0.217  0.487  0.000  0.0  0.442  N   -1  0.160  (280,216,516,393)
  77  0.220  0.630  0.659  0.877  0.476  0.409  0.500  0.0  0.410  N    0  0.122  (86,120,292,275)
  78  0.218  0.063  0.158  0.714  0.174  0.430  0.000  0.0  0.470  N   -1  0.122  (221,206,427,361)
  79  0.205  0.089  0.227  0.597  0.173  0.429  0.000  0.0  0.445  N   -1  0.122  (310,207,516,362)
  80  0.195  0.449  0.657  0.842  0.684  0.377  0.500  0.0  0.402  N    0  0.089  (75,147,252,279)
  81  0.182  0.000  0.206  0.649  0.141  0.424  0.000  0.0  0.434  N   -1  0.122  (314,236,520,391)
  82  0.145  0.990  0.539  0.513  0.118  0.376  0.500  0.0  0.513  Y    1  0.358  (118,2,472,267)
  83  0.144  0.470  0.467  0.911  0.395  0.500  0.455  0.0  0.547  N    0  0.160  (64,164,300,341)
  84  0.143  1.000  0.538  0.495  0.114  0.368  0.500  0.0  0.515  Y    1  0.358  (118,0,472,265)
  85  0.139  0.102  0.147  0.398  0.197  0.430  0.000  0.0  0.478  N   -1  0.122  (191,205,397,360)
  86  0.135  0.618  0.569  0.681  0.520  0.482  0.500  0.0  0.493  N    0  0.160  (74,125,310,302)
  87  0.130  0.341  0.383  0.850  0.285  0.491  0.349  0.0  0.624  N    0  0.160  (31,191,267,368)
  88  0.122  0.542  0.547  0.704  0.523  0.439  0.500  0.0  0.417  N    0  0.122  (86,140,292,295)
  89  0.108  0.290  0.459  0.888  0.429  0.371  0.453  0.0  0.455  N    0  0.089  (43,193,220,325)
  90  0.098  0.412  0.363  0.708  0.214  0.611  0.316  0.0  0.725  N    0  0.249  (34,182,329,403)
  91  0.079  0.285  0.405  0.708  0.343  0.429  0.371  0.0  0.591  N    0  0.122  (0,202,206,357)
  92  0.078  0.390  0.445  0.892  0.369  0.440  0.500  0.0  0.427  N    0  0.122  (83,171,289,326)
  93  0.064  0.222  0.478  0.605  0.418  0.368  0.377  0.0  0.511  N    0  0.089  (5,201,182,333)
  94  0.058  0.364  0.378  0.883  0.314  0.432  0.483  0.0  0.504  N    0  0.122  (43,195,249,350)
  95  0.039  0.516  0.371  0.835  0.285  0.620  0.500  0.0  0.471  N    0  0.249  (77,151,372,372)
  96  0.037  0.289  0.346  0.783  0.273  0.487  0.410  0.0  0.555  N    0  0.160  (0,204,236,381)
  97  0.008  0.537  0.341  0.715  0.223  0.737  0.455  0.0  0.551  N    0  0.358  (64,152,418,417)
  98  -0.059  0.601  0.374  0.391  0.066  0.367  0.500  0.0  0.501  Y    1  0.358  (171,0,525,265)
  99  -0.139  0.290  0.340  0.662  0.220  0.495  0.575  0.0  0.442  N    0  0.160  (80,182,316,359)
 100  -0.179  0.351  0.238  0.468  0.229  0.729  0.500  0.0  0.404  Y    2  0.358  (118,178,472,443)
