图片: B18
候选框数量: 100
权重: W_AES=0.29 W_CONTENT=0.2 W_THIRDS=0.22 W_CENTER=0.3 W_DEP=-0.25 W_CLIP_PEN=0.6 W_MISSING_PEN=-0.5

排名  final   aes    con    3rd    ctr    dep    pen    msg    rule   L  i    area   box
   1  0.843  1.000  0.738  0.998  0.606  0.201  0.000  0.0  0.952  Y    2  0.250  (186,0,499,209)
   2  0.811  0.873  0.740  0.938  0.745  0.199  0.000  0.0  0.943  Y    2  0.250  (222,0,535,209)
   3  0.804  0.801  0.905  0.957  0.660  0.236  0.000  0.0  0.901  Y    2  0.160  (220,0,470,167)
   4  0.790  0.808  0.741  0.935  0.748  0.197  0.000  0.0  0.935  Y    2  0.250  (255,0,568,209)
   5  0.783  0.772  0.932  0.984  0.528  0.236  0.000  0.0  0.927  Y    2  0.160  (226,20,476,187)
   6  0.768  0.753  0.734  0.994  0.638  0.195  0.000  0.0  0.927  Y    2  0.250  (286,0,599,209)
   7  0.764  0.822  0.926  0.994  0.646  0.237  0.075  0.0  0.940  Y    2  0.160  (234,13,484,180)
   8  0.763  0.655  0.908  0.814  0.917  0.234  0.000  0.0  0.905  Y    2  0.160  (269,0,519,167)
   9  0.752  0.716  0.932  0.870  0.637  0.235  0.000  0.0  0.922  Y    2  0.160  (256,22,506,189)
  10  0.745  0.534  0.914  0.948  0.815  0.233  0.000  0.0  0.912  Y    2  0.160  (290,6,540,173)
  11  0.690  0.645  0.724  0.956  0.478  0.194  0.000  0.0  0.925  Y    2  0.250  (304,8,617,217)
  12  0.689  0.598  0.914  0.996  0.636  0.232  0.075  0.0  0.921  Y    2  0.160  (309,13,559,180)
  13  0.685  0.607  0.927  0.884  0.767  0.235  0.075  0.0  0.930  Y    2  0.160  (271,13,521,180)
  14  0.683  0.618  0.914  0.926  0.540  0.230  0.042  0.0  0.902  Y    2  0.160  (299,26,549,193)
  15  0.459  0.618  0.642  0.770  0.442  1.000  0.000  0.0  0.926  Y    0  0.358  (184,168,559,418)
  16  0.389  0.231  0.489  0.929  0.409  0.743  0.000  0.0  0.953  N    3  0.160  (369,123,619,290)
  17  0.388  0.155  0.574  0.895  0.546  0.793  0.000  0.0  0.959  N    3  0.122  (357,141,576,287)
  18  0.377  0.910  0.702  0.971  0.536  0.308  0.500  0.0  0.961  Y    2  0.358  (152,0,527,250)
  19  0.367  0.897  0.683  0.930  0.578  0.292  0.500  0.0  0.936  Y    2  0.358  (251,0,626,250)
  20  0.364  0.745  0.773  0.899  0.692  1.000  0.315  0.0  0.969  N    0  0.250  (164,180,477,389)
  21  0.332  0.818  0.753  0.774  0.617  0.207  0.500  0.0  0.942  Y    2  0.250  (240,13,553,222)
  22  0.327  0.624  0.791  0.975  0.504  1.000  0.301  0.0  0.957  N    0  0.250  (169,209,482,418)
  23  0.318  0.826  0.699  0.795  0.642  0.300  0.500  0.0  0.947  Y    2  0.358  (209,0,584,250)
  24  0.310  0.720  0.849  0.951  0.802  0.739  0.500  0.0  0.955  N    0  0.122  (112,192,331,338)
  25  0.300  0.129  0.541  0.782  0.946  1.000  0.098  0.0  0.945  N    3  0.250  (313,143,626,352)
  26  0.293  0.851  0.665  0.946  0.818  0.875  0.500  0.0  0.958  N    0  0.250  (59,150,372,359)
  27  0.290  0.830  0.798  0.938  0.829  1.000  0.500  0.0  0.965  N    0  0.250  (140,186,453,395)
  28  0.283  0.856  0.625  0.983  0.630  0.759  0.500  0.0  0.965  N    0  0.250  (55,129,368,338)
  29  0.277  0.732  0.824  0.923  0.775  0.844  0.500  0.0  0.947  N    0  0.160  (86,196,336,363)
  30  0.275  0.704  0.817  0.901  0.867  0.855  0.500  0.0  0.972  N    0  0.160  (156,177,406,344)
  31  0.273  0.972  0.682  0.872  0.692  0.971  0.500  0.0  0.941  N    0  0.250  (32,176,345,385)
  32  0.273  0.790  0.751  0.922  0.843  0.958  0.500  0.0  0.977  N    0  0.250  (133,150,446,359)
  33  0.272  0.743  0.781  0.922  0.731  0.795  0.500  0.0  0.951  N    0  0.160  (82,183,332,350)
  34  0.271  0.823  0.724  0.826  0.914  0.914  0.500  0.0  0.970  N    0  0.250  (103,148,416,357)
  35  0.269  0.622  0.859  0.933  0.827  0.795  0.500  0.0  0.948  N    0  0.122  (121,217,340,363)
  36  0.262  0.879  0.766  0.719  0.972  1.000  0.500  0.0  0.954  N    0  0.250  (94,182,407,391)
  37  0.258  0.763  0.757  0.958  0.789  1.000  0.500  0.0  0.942  N    0  0.250  (77,203,390,412)
  38  0.257  0.767  0.812  0.975  0.691  1.000  0.500  0.0  0.954  N    0  0.250  (132,209,445,418)
  39  0.256  0.584  0.850  0.928  0.836  0.794  0.500  0.0  0.972  N    0  0.122  (170,187,389,333)
  40  0.253  0.668  0.817  0.800  0.939  0.821  0.500  0.0  0.961  N    0  0.160  (117,179,367,346)
  41  0.249  0.660  0.846  0.832  0.923  0.894  0.500  0.0  0.957  N    0  0.160  (141,206,391,373)
  42  0.241  0.658  0.842  0.957  0.680  0.886  0.500  0.0  0.941  N    0  0.160  (106,224,356,391)
  43  0.236  0.686  0.740  0.915  0.718  0.760  0.515  0.0  0.976  N    0  0.160  (142,158,392,325)
  44  0.232  0.622  0.840  0.799  0.935  0.875  0.500  0.0  0.952  N    0  0.160  (114,202,364,369)
  45  0.226  0.595  0.728  0.878  0.339  0.246  0.500  0.0  0.901  Y    2  0.250  (304,26,617,235)
  46  0.224  0.700  0.671  0.886  0.617  0.686  0.500  0.0  0.970  N    0  0.160  (111,152,361,319)
  47  0.220  0.788  0.758  0.672  0.459  0.450  0.500  0.0  0.937  Y    2  0.358  (221,19,596,269)
  48  0.218  0.723  0.720  0.887  0.613  0.815  0.500  0.0  0.985  N    0  0.250  (123,121,436,330)
  49  0.206  0.806  0.570  0.916  0.397  0.688  0.500  0.0  0.956  N    0  0.250  (15,126,328,335)
  50  0.202  0.730  0.581  0.918  0.414  0.607  0.500  0.0  0.945  N    0  0.160  (75,148,325,315)
  51  0.202  0.563  0.728  0.888  0.677  0.692  0.500  0.0  0.952  N    0  0.122  (156,168,375,314)
  52  0.199  0.957  0.789  0.680  0.190  0.642  0.500  0.0  0.918  Y    3  0.358  (165,44,540,294)
  53  0.197  0.695  0.684  0.820  0.667  0.785  0.500  0.0  0.978  N    0  0.250  (100,123,413,332)
  54  0.197  0.632  0.840  0.967  0.465  0.879  0.500  0.0  0.962  N    0  0.160  (195,219,445,386)
  55  0.195  0.840  0.581  0.887  0.388  0.768  0.500  0.0  0.946  N    0  0.250  (0,141,313,350)
  56  0.194  0.015  0.800  0.879  0.885  1.000  0.275  0.0  0.950  N    3  0.122  (317,192,536,338)
  57  0.190  0.446  0.859  0.801  0.940  0.821  0.500  0.0  0.958  N    0  0.122  (154,213,373,359)
  58  0.190  0.694  0.678  0.880  0.496  0.737  0.500  0.0  0.969  N    3  0.250  (254,89,567,298)
  59  0.180  0.568  0.832  0.881  0.654  0.902  0.500  0.0  0.978  N    0  0.160  (186,182,436,349)
  60  0.177  0.620  0.753  0.935  0.452  0.804  0.500  0.0  0.989  N    0  0.160  (186,154,436,321)
  61  0.153  0.545  0.842  0.821  0.601  0.870  0.500  0.0  0.947  N    1  0.160  (141,233,391,400)
  62  0.132  0.764  0.771  0.607  0.300  0.638  0.500  0.0  0.904  Y    3  0.358  (221,44,596,294)
  63  0.131  0.651  0.723  0.884  0.371  0.914  0.500  0.0  0.987  N    0  0.250  (182,122,495,331)
  64  0.130  0.548  0.533  0.892  0.614  0.789  0.500  0.0  0.958  N    3  0.250  (313,98,626,307)
  65  0.122  0.392  0.857  0.809  0.589  0.747  0.500  0.0  0.946  N    1  0.122  (155,245,374,391)
  66  0.122  0.819  0.711  0.673  0.217  0.750  0.500  0.0  0.975  N    3  0.250  (189,94,502,303)
  67  0.118  0.515  0.833  0.773  0.601  0.918  0.500  0.0  0.973  N    0  0.160  (193,193,443,360)
  68  0.114  0.446  0.836  0.840  0.506  0.834  0.500  0.0  0.946  N    1  0.160  (152,243,402,410)
  69  0.105  0.611  0.712  0.856  0.438  1.000  0.500  0.0  0.974  N    0  0.250  (193,147,506,356)
  70  0.083  0.305  0.590  0.909  0.843  0.937  0.500  0.0  0.959  N    3  0.250  (298,117,611,326)
  71  0.078  0.641  0.723  0.553  0.379  1.000  0.421  0.0  0.959  N    3  0.250  (214,172,527,381)
  72  0.074  0.387  0.653  0.925  0.427  0.799  0.500  0.0  0.975  N    3  0.160  (258,131,508,298)
  73  0.059  0.614  0.692  0.782  0.326  1.000  0.500  0.0  0.968  N    3  0.250  (220,147,533,356)
  74  0.058  0.247  0.802  0.884  0.680  0.999  0.500  0.0  0.961  N    3  0.160  (265,175,515,342)
  75  0.055  0.174  0.790  0.990  0.637  0.997  0.500  0.0  0.953  N    3  0.160  (272,192,522,359)
  76  0.050  0.259  0.608  0.910  0.601  0.808  0.500  0.0  0.972  N    3  0.160  (294,129,544,296)
  77  0.050  0.299  0.808  0.875  0.336  0.772  0.500  0.0  0.951  N    1  0.160  (183,251,433,418)
  78  0.043  0.192  0.735  0.970  0.681  0.921  0.530  0.0  0.969  N    3  0.160  (271,150,521,317)
  79  0.042  0.690  0.707  0.640  0.187  0.873  0.500  0.0  0.982  N    3  0.250  (219,110,532,319)
  80  0.040  0.113  0.724  0.832  0.914  0.926  0.500  0.0  0.957  N    3  0.122  (330,163,549,309)
  81  0.030  0.077  0.760  0.870  0.896  1.000  0.500  0.0  0.952  N    3  0.160  (295,179,545,346)
  82  0.020  0.073  0.643  0.898  0.872  0.943  0.500  0.0  0.954  N    3  0.160  (333,148,583,315)
  83  0.019  0.033  0.676  0.931  0.835  0.924  0.500  0.0  0.963  N    3  0.160  (303,145,553,312)
  84  0.018  0.107  0.814  0.944  0.580  0.978  0.500  0.0  0.943  N    3  0.122  (282,196,501,342)
  85  0.017  0.714  0.727  0.514  0.135  0.815  0.500  0.0  0.970  N    3  0.358  (221,69,596,319)
  86  0.016  0.000  0.673  0.860  0.903  1.000  0.461  0.0  0.941  N    3  0.160  (345,175,595,342)
  87  0.013  0.029  0.656  0.945  0.815  0.934  0.500  0.0  0.949  N    3  0.122  (361,163,580,309)
  88  0.009  0.186  0.791  0.841  0.601  0.908  0.520  0.0  0.947  N    3  0.122  (278,170,497,316)
  89  0.004  0.068  0.619  0.941  0.808  1.000  0.500  0.0  0.924  Y    3  0.250  (271,179,584,388)
  90  0.003  0.115  0.586  0.953  0.690  0.950  0.500  0.0  0.943  N    3  0.160  (368,153,618,320)
  91  -0.003  0.142  0.536  0.912  0.583  0.796  0.500  0.0  0.959  N    3  0.160  (345,128,595,295)
  92  -0.027  0.367  0.719  0.805  0.229  1.000  0.500  0.0  0.904  Y    3  0.250  (238,209,551,418)
  93  -0.032  0.141  0.605  0.872  0.361  0.742  0.500  0.0  0.963  N    3  0.122  (281,139,500,285)
  94  -0.041  0.163  0.636  0.816  0.582  1.000  0.500  0.0  0.928  Y    3  0.250  (271,200,584,409)
  95  -0.051  0.163  0.587  0.704  0.528  0.762  0.500  0.0  0.967  N    3  0.122  (331,137,550,283)
  96  -0.085  0.441  0.652  0.578  0.133  0.912  0.500  0.0  0.970  N    3  0.250  (260,113,573,322)
  97  -0.114  0.132  0.617  0.676  0.489  1.000  0.500  0.0  0.918  Y    3  0.250  (279,209,592,418)
  98  -0.151  0.272  0.544  0.607  0.229  1.000  0.500  0.0  0.936  Y    3  0.358  (251,168,626,418)
  99  -0.151  0.334  0.561  0.506  0.263  1.000  0.500  0.0  0.944  Y    3  0.358  (240,155,615,405)
 100  -0.197  0.204  0.647  0.448  0.244  1.000  0.500  0.0  0.910  Y    3  0.250  (259,171,572,380)
