图片: B19
候选框数量: 100
权重: W_AES=0.29 W_CONTENT=0.2 W_THIRDS=0.22 W_CENTER=0.3 W_DEP=-0.25 W_CLIP_PEN=0.6 W_MISSING_PEN=-0.5

排名  final   aes    con    3rd    ctr    dep    pen    msg    rule   L  i    area   box
   1  0.796  1.000  1.000  0.858  0.711  0.636  0.000  0.0  0.587  Y    0  0.358  (128,0,393,354)
   2  0.775  0.825  1.000  0.882  0.878  0.646  0.000  0.0  0.480  N    0  0.249  (72,90,293,385)
   3  0.773  0.830  1.000  0.924  0.733  0.583  0.000  0.0  0.383  Y    0  0.249  (120,31,341,326)
   4  0.772  0.817  1.000  0.947  0.725  0.598  0.000  0.0  0.354  Y    0  0.249  (101,34,322,329)
   5  0.768  0.881  1.000  0.919  0.689  0.652  0.000  0.0  0.552  Y    0  0.358  (88,0,353,354)
   6  0.767  0.779  1.000  0.816  0.933  0.555  0.000  0.0  0.582  N    0  0.249  (200,86,421,381)
   7  0.765  0.870  1.000  0.951  0.657  0.669  0.000  0.0  0.446  Y    0  0.358  (48,0,313,354)
   8  0.765  0.721  1.000  0.800  0.941  0.446  0.000  0.0  0.349  N    0  0.160  (220,103,397,339)
   9  0.763  0.765  1.000  0.874  0.894  0.609  0.000  0.0  0.540  N    0  0.249  (102,76,323,371)
  10  0.760  0.738  1.000  0.864  0.901  0.567  0.000  0.0  0.522  N    0  0.249  (213,80,434,375)
  11  0.759  0.733  1.000  0.918  0.821  0.571  0.000  0.0  0.492  N    0  0.249  (180,51,401,346)
  12  0.742  0.771  1.000  0.570  0.999  0.347  0.000  0.0  0.494  N    0  0.160  (162,149,339,385)
  13  0.741  0.760  1.000  0.725  0.967  0.551  0.000  0.0  0.672  N    0  0.249  (150,93,371,388)
  14  0.734  0.751  1.000  0.618  0.995  0.426  0.000  0.0  0.439  N    0  0.160  (125,145,302,381)
  15  0.732  0.679  1.000  0.905  0.797  0.573  0.000  0.0  0.485  N    0  0.249  (160,44,381,339)
  16  0.732  0.718  1.000  0.583  0.999  0.326  0.000  0.0  0.493  N    0  0.160  (182,151,359,387)
  17  0.732  0.719  1.000  0.600  0.997  0.355  0.000  0.0  0.451  N    0  0.160  (209,139,386,375)
  18  0.732  0.699  1.000  0.645  0.991  0.389  0.000  0.0  0.398  N    0  0.160  (239,149,416,385)
  19  0.726  0.668  1.000  0.730  0.966  0.479  0.000  0.0  0.379  N    0  0.160  (111,135,288,371)
  20  0.703  0.589  1.000  0.638  0.992  0.336  0.000  0.0  0.361  N    0  0.122  (165,184,320,390)
  21  0.702  0.656  1.000  0.562  1.000  0.347  0.000  0.0  0.483  N    0  0.160  (174,142,351,378)
  22  0.699  0.568  1.000  0.741  0.966  0.464  0.000  0.0  0.403  N    0  0.160  (133,116,310,352)
  23  0.692  0.551  1.000  0.682  0.983  0.395  0.000  0.0  0.433  N    0  0.160  (186,116,363,352)
  24  0.690  0.560  1.000  0.592  0.998  0.288  0.000  0.0  0.347  N    0  0.122  (174,152,329,358)
  25  0.680  0.516  1.000  0.697  0.977  0.418  0.000  0.0  0.430  N    0  0.160  (163,113,340,349)
  26  0.584  0.739  1.000  0.661  0.111  0.396  0.000  0.0  0.471  N    0  0.160  (132,155,309,391)
  27  0.538  0.418  1.000  0.833  0.690  0.953  0.000  0.0  0.497  N    1  0.358  (128,237,393,591)
  28  0.518  0.143  1.000  0.894  0.817  0.801  0.000  0.0  0.378  N    1  0.249  (77,296,298,591)
  29  0.515  0.157  1.000  0.897  0.788  0.817  0.000  0.0  0.355  N    1  0.249  (70,288,291,583)
  30  0.514  0.334  1.000  0.840  0.694  0.949  0.000  0.0  0.500  N    1  0.358  (48,237,313,591)
  31  0.513  0.109  1.000  0.894  0.823  0.776  0.000  0.0  0.363  N    1  0.249  (23,296,244,591)
  32  0.511  0.338  1.000  0.833  0.690  0.956  0.000  0.0  0.510  N    1  0.358  (88,237,353,591)
  33  0.509  0.091  1.000  0.893  0.823  0.762  0.000  0.0  0.355  N    1  0.249  (3,296,224,591)
  34  0.495  0.094  1.000  0.894  0.818  0.841  0.000  0.0  0.373  N    1  0.249  (161,296,382,591)
  35  0.491  0.370  1.000  0.764  0.607  0.926  0.000  0.0  0.363  N    0  0.249  (165,242,386,537)
  36  0.490  0.758  1.000  0.409  0.139  0.567  0.000  0.0  0.681  N    0  0.249  (136,97,357,392)
  37  0.488  0.522  1.000  0.657  0.501  0.938  0.000  0.0  0.370  N    0  0.249  (219,216,440,511)
  38  0.487  0.089  1.000  0.893  0.781  0.838  0.000  0.0  0.357  N    1  0.249  (88,286,309,581)
  39  0.485  0.824  1.000  0.404  0.203  0.775  0.000  0.0  0.664  N    0  0.249  (188,126,409,421)
  40  0.483  0.826  1.000  0.384  0.179  0.734  0.000  0.0  0.667  N    0  0.249  (115,116,336,411)
  41  0.481  0.045  1.000  0.894  0.818  0.827  0.000  0.0  0.391  N    1  0.249  (110,296,331,591)
  42  0.480  0.811  1.000  0.405  0.205  0.782  0.000  0.0  0.694  N    0  0.249  (149,127,370,422)
  43  0.480  0.036  1.000  0.894  0.819  0.816  0.000  0.0  0.351  N    1  0.249  (222,296,443,591)
  44  0.474  0.737  1.000  0.404  0.204  0.683  0.000  0.0  0.437  N    0  0.160  (132,179,309,415)
  45  0.470  0.802  1.000  0.396  0.193  0.794  0.000  0.0  0.590  N    0  0.249  (91,122,312,417)
  46  0.467  0.682  1.000  0.371  0.167  0.529  0.000  0.0  0.471  N    0  0.160  (201,166,378,402)
  47  0.466  0.719  1.000  0.426  0.226  0.750  0.000  0.0  0.428  N    0  0.160  (181,186,358,422)
  48  0.466  0.767  1.000  0.388  0.180  0.729  0.000  0.0  0.577  N    0  0.249  (222,116,443,411)
  49  0.464  0.000  1.000  0.894  0.818  0.840  0.000  0.0  0.379  N    1  0.249  (143,296,364,591)
  50  0.461  0.834  1.000  0.399  0.198  0.911  0.000  0.0  0.812  N    0  0.358  (130,71,395,425)
  51  0.461  0.001  1.000  0.901  0.796  0.848  0.000  0.0  0.372  N    1  0.249  (120,290,341,585)
  52  0.461  0.475  1.000  0.637  0.485  0.953  0.000  0.0  0.444  N    0  0.249  (180,212,401,507)
  53  0.461  0.755  1.000  0.426  0.228  0.848  0.000  0.0  0.655  N    0  0.249  (119,136,340,431)
  54  0.460  0.786  1.000  0.376  0.170  0.763  0.000  0.0  0.514  N    0  0.249  (71,112,292,407)
  55  0.459  0.756  1.000  0.392  0.188  0.761  0.000  0.0  0.656  N    0  0.249  (110,120,331,415)
  56  0.458  0.739  1.000  0.426  0.229  0.833  0.000  0.0  0.654  N    0  0.249  (186,136,407,431)
  57  0.456  0.647  1.000  0.382  0.166  0.541  0.000  0.0  0.480  N    0  0.160  (148,166,325,402)
  58  0.454  0.685  1.000  0.426  0.229  0.757  0.000  0.0  0.417  N    0  0.160  (134,187,311,423)
  59  0.454  0.640  1.000  0.375  0.166  0.531  0.000  0.0  0.486  N    0  0.160  (174,166,351,402)
  60  0.452  0.602  1.000  0.384  0.156  0.475  0.000  0.0  0.352  N    0  0.122  (151,191,306,397)
  61  0.451  0.658  1.000  0.398  0.192  0.640  0.000  0.0  0.431  N    0  0.160  (219,175,396,411)
  62  0.450  0.661  1.000  0.429  0.227  0.744  0.000  0.0  0.357  N    0  0.160  (243,186,420,422)
  63  0.443  0.657  1.000  0.510  0.317  1.000  0.000  0.0  0.621  N    0  0.358  (48,120,313,474)
  64  0.442  0.779  1.000  0.423  0.225  0.988  0.000  0.0  0.761  N    0  0.358  (88,84,353,438)
  65  0.439  0.393  1.000  0.651  0.497  0.960  0.000  0.0  0.436  N    0  0.249  (122,215,343,510)
  66  0.436  0.620  1.000  0.407  0.204  0.684  0.000  0.0  0.456  N    0  0.160  (159,179,336,415)
  67  0.432  0.618  1.000  0.433  0.236  0.778  0.000  0.0  0.421  N    0  0.160  (174,189,351,425)
  68  0.432  0.618  1.000  0.428  0.233  0.770  0.000  0.0  0.428  N    0  0.160  (160,188,337,424)
  69  0.431  0.654  1.000  0.426  0.228  0.833  0.000  0.0  0.683  N    0  0.249  (152,136,373,431)
  70  0.423  0.180  1.000  0.752  0.594  0.933  0.000  0.0  0.368  N    0  0.249  (125,239,346,534)
  71  0.417  0.559  1.000  0.469  0.283  0.861  0.000  0.0  0.369  N    0  0.160  (132,202,309,438)
  72  0.417  0.484  1.000  0.544  0.369  0.940  0.000  0.0  0.368  N    0  0.249  (53,180,274,475)
  73  0.417  0.603  1.000  0.369  0.160  0.652  0.000  0.0  0.701  N    0  0.249  (152,107,373,402)
  74  0.416  0.603  1.000  0.480  0.244  0.926  0.000  0.0  0.358  N    0  0.249  (37,140,258,435)
  75  0.416  0.635  1.000  0.467  0.280  1.000  0.000  0.0  0.822  N    0  0.358  (130,107,395,461)
  76  0.415  0.506  1.000  0.522  0.364  0.949  0.000  0.0  0.480  N    0  0.249  (88,180,309,475)
  77  0.415  0.552  1.000  0.414  0.213  0.702  0.000  0.0  0.369  N    0  0.160  (105,182,282,418)
  78  0.414  0.502  1.000  0.521  0.361  0.943  0.000  0.0  0.577  N    0  0.249  (161,179,382,474)
  79  0.414  0.473  1.000  0.552  0.415  1.000  0.000  0.0  0.700  N    0  0.358  (88,155,353,509)
  80  0.413  0.513  1.000  0.529  0.376  0.999  0.000  0.0  0.783  N    0  0.358  (130,142,395,496)
  81  0.412  0.321  1.000  0.642  0.489  0.956  0.000  0.0  0.456  N    0  0.249  (158,213,379,508)
  82  0.412  0.544  1.000  0.405  0.203  0.677  0.000  0.0  0.376  N    0  0.160  (105,179,282,415)
  83  0.412  0.624  1.000  0.467  0.280  1.000  0.000  0.0  0.772  N    0  0.358  (170,107,435,461)
  84  0.412  0.535  1.000  0.475  0.290  0.869  0.000  0.0  0.360  N    0  0.160  (130,204,307,440)
  85  0.411  0.544  1.000  0.468  0.283  0.868  0.000  0.0  0.384  N    0  0.160  (160,202,337,438)
  86  0.411  0.595  1.000  0.455  0.264  0.921  0.000  0.0  0.511  N    0  0.249  (77,149,298,444)
  87  0.407  0.485  1.000  0.520  0.361  0.950  0.000  0.0  0.542  N    0  0.249  (110,179,331,474)
  88  0.404  0.563  1.000  0.455  0.265  0.900  0.000  0.0  0.618  N    0  0.249  (110,149,331,444)
  89  0.402  0.493  1.000  0.495  0.318  0.905  0.000  0.0  0.354  N    0  0.160  (179,211,356,447)
  90  0.402  0.532  1.000  0.470  0.283  0.897  0.000  0.0  0.592  N    0  0.249  (199,155,420,450)
  91  0.400  0.586  1.000  0.466  0.280  1.000  0.000  0.0  0.774  N    0  0.358  (91,107,356,461)
  92  0.398  0.507  1.000  0.480  0.295  0.909  0.000  0.0  0.545  N    0  0.249  (213,159,434,454)
  93  0.397  0.536  1.000  0.491  0.314  1.000  0.000  0.0  0.821  N    0  0.358  (128,120,393,474)
  94  0.395  0.489  1.000  0.493  0.317  0.931  0.000  0.0  0.587  N    0  0.249  (115,166,336,461)
  95  0.393  0.518  1.000  0.455  0.265  0.882  0.000  0.0  0.660  N    0  0.249  (143,149,364,444)
  96  0.392  0.520  1.000  0.490  0.314  1.000  0.000  0.0  0.766  N    0  0.358  (88,120,353,474)
  97  0.389  0.460  1.000  0.493  0.317  0.919  0.000  0.0  0.620  N    0  0.249  (152,166,373,461)
  98  0.371  0.408  1.000  0.481  0.295  0.878  0.000  0.0  0.350  N    0  0.160  (214,205,391,441)
  99  0.371  0.302  1.000  0.566  0.427  0.962  0.000  0.0  0.466  N    0  0.249  (103,197,324,492)
 100  0.358  0.351  1.000  0.525  0.323  0.948  0.000  0.0  0.346  N    0  0.249  (40,166,261,461)
