图片: B20
候选框数量: 100
权重: W_AES=0.29 W_CONTENT=0.2 W_THIRDS=0.22 W_CENTER=0.3 W_DEP=-0.25 W_CLIP_PEN=0.6 W_MISSING_PEN=-0.5

【最佳取景框】
  中心表示: (center_x=132.5, center_y=350.0, width=265.0, height=354.0)
  角点表示: (x1=0.0, y1=173.0, x2=265.0, y2=527.0)

排名  final   aes    con    3rd    ctr    dep    pen    msg    rule   L  i    area   box
   1  0.729  0.831  0.842  0.868  0.876  0.592  0.028  0.0  0.953  N    1  0.358  (0,173,265,527)
   2  0.721  0.740  0.836  0.910  0.858  0.555  0.018  0.0  0.955  N    2  0.358  (0,157,265,511)
   3  0.720  0.911  0.836  0.886  0.872  0.674  0.058  0.0  0.948  N    1  0.358  (0,192,265,546)
   4  0.707  0.863  0.837  0.933  0.799  0.663  0.058  0.0  0.952  N    1  0.358  (10,192,275,546)
   5  0.667  0.790  0.776  0.938  0.830  0.541  0.101  0.0  0.888  N    2  0.358  (0,137,265,491)
   6  0.665  1.000  0.782  0.935  0.829  0.923  0.102  0.0  0.930  N    1  0.358  (0,227,265,581)
   7  0.648  0.730  0.776  0.966  0.781  0.534  0.101  0.0  0.891  N    2  0.358  (7,137,272,491)
   8  0.611  0.627  0.889  0.865  0.857  0.560  0.108  0.0  0.929  N    1  0.249  (21,209,242,504)
   9  0.589  0.587  0.887  0.894  0.825  0.568  0.120  0.0  0.949  N    1  0.249  (26,222,247,517)
  10  0.576  0.638  0.898  0.674  0.985  0.599  0.108  0.0  0.936  N    1  0.249  (0,219,221,514)
  11  0.575  0.638  0.890  0.673  0.985  0.604  0.107  0.0  0.940  N    1  0.249  (0,222,221,517)
  12  0.566  0.652  0.869  0.695  0.978  0.591  0.128  0.0  0.848  N    2  0.249  (0,196,221,491)
  13  0.554  0.890  0.803  0.737  0.967  0.718  0.210  0.0  0.821  N    1  0.249  (0,251,221,546)
  14  0.545  0.769  0.754  0.973  0.758  0.550  0.237  0.0  0.864  N    2  0.358  (0,102,265,456)
  15  0.539  0.653  0.828  0.940  0.799  0.648  0.189  0.0  0.856  N    1  0.249  (28,245,249,540)
  16  0.525  0.655  0.866  0.703  0.976  0.594  0.183  0.0  0.854  N    2  0.249  (0,192,221,487)
  17  0.522  0.713  0.825  0.715  0.973  0.684  0.183  0.0  0.845  N    1  0.249  (0,245,221,540)
  18  0.512  0.596  0.850  0.939  0.813  0.575  0.226  0.0  0.847  N    2  0.249  (22,167,243,462)
  19  0.508  0.498  0.017  0.545  1.000  0.019  0.000  0.0  0.475  N   -1  0.160  (182,151,359,387)
  20  0.501  0.474  0.021  0.545  1.000  0.022  0.000  0.0  0.474  N   -1  0.160  (179,211,356,447)
  21  0.495  0.607  0.860  0.759  0.956  0.608  0.213  0.0  0.858  N    2  0.249  (0,167,221,462)
  22  0.483  0.419  0.019  0.545  1.000  0.021  0.000  0.0  0.480  N   -1  0.160  (181,186,358,422)
  23  0.482  0.583  0.858  0.791  0.942  0.606  0.229  0.0  0.858  N    2  0.249  (2,163,223,458)
  24  0.479  0.414  0.006  0.545  1.000  0.016  0.000  0.0  0.476  N   -1  0.122  (207,197,362,403)
  25  0.467  0.365  0.027  0.545  1.000  0.020  0.000  0.0  0.478  N   -1  0.122  (174,152,329,358)
  26  0.434  0.639  0.812  0.908  0.672  0.547  0.295  0.0  0.793  N    2  0.249  (40,166,261,461)
  27  0.427  0.661  0.849  0.906  0.865  0.612  0.353  0.0  0.845  N    2  0.249  (4,131,225,426)
  28  0.419  0.906  0.745  0.888  0.515  0.971  0.266  0.0  0.794  N    1  0.358  (48,237,313,591)
  29  0.404  0.980  0.723  0.903  0.863  1.000  0.392  0.0  0.637  N    1  0.249  (3,296,224,591)
  30  0.401  0.541  0.851  0.869  0.898  0.616  0.330  0.0  0.847  N    2  0.249  (0,137,221,432)
  31  0.400  0.700  0.811  0.952  0.645  0.560  0.371  0.0  0.795  N    2  0.249  (37,140,258,435)
  32  0.395  0.944  0.728  0.978  0.755  1.000  0.392  0.0  0.644  N    1  0.249  (23,296,244,591)
  33  0.391  0.553  0.963  0.717  0.970  0.669  0.323  0.0  0.765  N    2  0.160  (0,210,177,446)
  34  0.389  0.536  0.918  0.729  0.965  0.619  0.323  0.0  0.715  N    1  0.160  (25,220,202,456)
  35  0.385  0.560  0.829  0.779  0.939  0.609  0.330  0.0  0.718  N    1  0.160  (30,244,207,480)
  36  0.380  0.588  1.000  0.699  0.977  0.665  0.357  0.0  0.813  N    2  0.160  (0,196,177,432)
  37  0.376  0.575  0.806  0.760  0.951  0.659  0.326  0.0  0.706  N    1  0.160  (0,251,177,487)
  38  0.372  0.548  0.847  0.785  0.933  0.599  0.350  0.0  0.711  N    1  0.160  (31,274,208,510)
  39  0.363  0.545  0.933  0.586  0.998  0.648  0.311  0.0  0.730  N    2  0.160  (11,220,188,456)
  40  0.345  0.559  1.000  0.580  0.999  0.639  0.357  0.0  0.817  N    2  0.160  (11,196,188,432)
  41  0.344  0.510  0.819  0.690  0.980  0.654  0.324  0.0  0.709  N    1  0.160  (5,247,182,483)
  42  0.343  0.508  0.797  0.858  0.869  0.581  0.374  0.0  0.681  N    1  0.160  (41,251,218,487)
  43  0.340  0.844  0.773  0.872  0.605  0.737  0.418  0.0  0.639  N    1  0.249  (56,264,277,559)
  44  0.337  0.477  0.905  0.592  0.998  0.641  0.313  0.0  0.718  N    1  0.160  (15,227,192,463)
  45  0.333  0.451  0.947  0.884  0.866  0.588  0.409  0.0  0.760  N    2  0.160  (37,196,214,432)
  46  0.332  0.572  0.809  0.568  0.999  0.632  0.326  0.0  0.711  N    1  0.160  (15,251,192,487)
  47  0.330  0.551  0.972  0.870  0.897  0.610  0.458  0.0  0.794  N    2  0.160  (28,172,205,408)
  48  0.318  0.572  0.998  0.692  0.977  0.653  0.431  0.0  0.819  N    2  0.160  (8,170,185,406)
  49  0.314  0.669  0.817  0.961  0.768  0.618  0.489  0.0  0.773  N    2  0.249  (0,96,221,391)
  50  0.314  0.528  0.828  0.650  0.989  0.648  0.361  0.0  0.701  N    1  0.160  (8,281,185,517)
  51  0.312  0.775  0.787  0.851  0.902  0.811  0.474  0.0  0.550  N    1  0.160  (0,317,177,553)
  52  0.310  0.599  0.938  0.946  0.809  0.619  0.500  0.0  0.704  N    2  0.160  (30,145,207,381)
  53  0.304  0.541  0.833  0.555  1.000  0.629  0.352  0.0  0.705  N    1  0.160  (15,275,192,511)
  54  0.299  0.494  0.860  0.890  0.825  0.564  0.445  0.0  0.624  N    1  0.160  (49,275,226,511)
  55  0.291  0.586  0.931  0.977  0.688  0.621  0.500  0.0  0.559  N    2  0.160  (28,112,205,348)
  56  0.289  0.532  1.000  0.886  0.869  0.649  0.500  0.0  0.587  N    2  0.122  (23,145,178,351)
  57  0.287  0.501  0.809  0.767  0.589  0.498  0.364  0.0  0.702  N    2  0.249  (62,204,283,499)
  58  0.287  0.569  0.976  0.844  0.915  0.679  0.500  0.0  0.755  N    2  0.160  (0,150,177,386)
  59  0.285  0.488  1.000  0.697  0.980  0.644  0.442  0.0  0.826  N    2  0.160  (11,173,188,409)
  60  0.280  0.595  0.958  0.906  0.745  0.669  0.500  0.0  0.559  N    2  0.160  (0,107,177,343)
  61  0.278  0.722  0.702  0.942  0.416  0.492  0.466  0.0  0.753  N    2  0.358  (48,76,313,430)
  62  0.277  0.620  0.822  0.991  0.602  0.570  0.500  0.0  0.544  N    2  0.160  (59,134,236,370)
  63  0.276  0.744  0.761  0.957  0.480  0.551  0.500  0.0  0.647  N    2  0.249  (41,81,262,376)
  64  0.274  0.695  0.805  0.869  0.893  0.816  0.497  0.0  0.535  N    1  0.160  (28,323,205,559)
  65  0.271  0.613  0.789  0.836  0.618  0.521  0.453  0.0  0.749  N    2  0.249  (53,180,274,475)
  66  0.266  0.544  1.000  0.628  0.994  0.600  0.478  0.0  0.760  N    2  0.122  (25,197,180,403)
  67  0.262  0.309  0.906  0.898  0.834  0.576  0.430  0.0  0.712  N    2  0.160  (45,206,222,442)
  68  0.245  0.673  0.803  0.862  0.569  0.581  0.500  0.0  0.560  N    2  0.249  (2,48,223,343)
  69  0.242  0.381  0.913  0.981  0.751  0.575  0.500  0.0  0.540  N    2  0.122  (59,163,214,369)
  70  0.234  0.669  0.686  0.951  0.425  0.502  0.500  0.0  0.583  N    2  0.249  (71,112,292,407)
  71  0.232  0.547  0.852  0.766  0.957  0.722  0.500  0.0  0.479  N    1  0.122  (31,337,186,543)
  72  0.231  0.571  0.857  0.626  0.994  0.646  0.486  0.0  0.562  N    1  0.122  (22,316,177,522)
  73  0.219  0.314  0.910  0.920  0.816  0.544  0.500  0.0  0.628  N    2  0.122  (62,201,217,407)
  74  0.219  0.415  0.784  0.887  0.771  0.543  0.487  0.0  0.573  N    1  0.160  (58,257,235,493)
  75  0.213  0.428  0.771  0.853  0.876  0.582  0.500  0.0  0.484  N    1  0.122  (56,273,211,479)
  76  0.211  0.650  0.660  0.928  0.387  0.487  0.500  0.0  0.518  N    2  0.249  (77,106,298,401)
  77  0.207  0.510  0.776  0.574  0.999  0.654  0.450  0.0  0.594  N    1  0.122  (27,274,182,480)
  78  0.207  0.662  0.668  0.908  0.375  0.493  0.500  0.0  0.509  N    2  0.249  (72,90,293,385)
  79  0.206  0.303  1.000  0.595  0.998  0.638  0.433  0.0  0.697  N    2  0.122  (22,223,177,429)
  80  0.200  0.528  0.726  0.821  0.672  0.522  0.500  0.0  0.481  N    1  0.160  (73,250,250,486)
  81  0.197  0.357  1.000  0.714  0.970  0.666  0.500  0.0  0.715  N    2  0.122  (4,199,159,405)
  82  0.191  0.663  0.621  0.862  0.323  0.403  0.500  0.0  0.488  N    2  0.358  (88,111,353,465)
  83  0.182  0.400  0.793  0.818  0.911  0.704  0.500  0.0  0.490  N    1  0.122  (0,260,155,466)
  84  0.160  0.168  1.000  0.691  0.978  0.499  0.500  0.0  0.526  N    2  0.089  (53,226,185,403)
  85  0.157  0.138  1.000  0.900  0.870  0.694  0.500  0.0  0.517  N    2  0.122  (0,144,155,350)
  86  0.154  0.173  0.890  0.836  0.893  0.574  0.500  0.0  0.603  N    2  0.122  (53,237,208,443)
  87  0.145  0.361  0.777  0.893  0.617  0.542  0.523  0.0  0.571  N    2  0.160  (73,173,250,409)
  88  0.145  0.295  0.752  0.953  0.573  0.548  0.500  0.0  0.512  N    2  0.160  (72,150,249,386)
  89  0.141  0.289  0.824  0.813  0.913  0.664  0.523  0.0  0.484  N    1  0.122  (1,307,156,513)
  90  0.140  0.217  1.000  0.590  0.998  0.554  0.500  0.0  0.545  N    2  0.089  (33,208,165,385)
  91  0.126  0.199  1.000  0.581  0.999  0.589  0.500  0.0  0.525  N    2  0.089  (30,224,162,401)
  92  0.124  0.333  0.757  0.794  0.616  0.523  0.500  0.0  0.513  N    2  0.160  (80,209,257,445)
  93  0.117  0.099  0.949  0.809  0.926  0.702  0.500  0.0  0.589  N    2  0.122  (0,229,155,435)
  94  0.110  0.000  0.939  0.772  0.942  0.506  0.500  0.0  0.485  N    2  0.089  (62,233,194,410)
  95  0.105  0.310  0.861  0.921  0.705  0.553  0.604  0.0  0.673  N    2  0.160  (61,180,238,416)
  96  0.087  0.093  1.000  0.559  1.000  0.577  0.500  0.0  0.534  N    2  0.089  (33,226,165,403)
  97  0.085  0.864  0.662  0.544  0.399  0.961  0.500  0.0  0.528  N    3  0.358  (88,237,353,591)
  98  0.061  0.177  1.000  0.705  0.978  0.588  0.615  0.0  0.479  N    2  0.089  (29,181,161,358)
  99  0.055  0.540  0.671  0.731  0.439  0.451  0.604  0.0  0.479  N    2  0.249  (88,180,309,475)
 100  -0.042  0.655  0.371  0.544  0.399  0.961  0.500  0.0  0.501  N    3  0.358  (128,237,393,591)
